GO_term	term	CLIN2_Pr	NOCLIN_Pr	CLIN2_Abs	NOCLIN_Abs
GO	3	22	97	0	0
GO	14	22	97	0	0
GO	15	22	97	0	0
GO	18	22	97	0	0
GO	27	22	97	0	0
GO	28	22	97	0	0
GO	34	0	1	22	96
GO	35	21	96	1	1
GO	36	21	96	1	1
GO	41	22	97	0	0
GO	49	22	97	0	0
GO	50	22	97	0	0
GO	53	22	95	0	2
GO	60	0	1	22	96
GO	64	22	34	0	63
GO	96	22	97	0	0
GO	97	22	97	0	0
GO	98	22	97	0	0
GO	99	22	97	0	0
GO	101	22	97	0	0
GO	102	22	91	0	6
GO	103	22	97	0	0
GO	104	22	97	0	0
GO	105	22	97	0	0
GO	107	22	97	0	0
GO	131	0	2	22	95
GO	139	1	0	21	97
GO	148	0	1	22	96
GO	150	22	97	0	0
GO	151	0	2	22	95
GO	154	22	97	0	0
GO	155	22	97	0	0
GO	156	22	97	0	0
GO	160	22	97	0	0
GO	162	22	97	0	0
GO	166	22	97	0	0
GO	175	22	97	0	0
GO	179	22	97	0	0
GO	217	22	97	0	0
GO	228	22	96	0	1
GO	229	22	96	0	1
GO	255	0	3	22	94
GO	256	0	3	22	94
GO	270	22	97	0	0
GO	271	22	97	0	0
GO	272	0	30	22	67
GO	276	0	1	22	96
GO	278	22	97	0	0
GO	281	22	97	0	0
GO	287	22	97	0	0
GO	302	22	97	0	0
GO	303	22	97	0	0
GO	305	22	97	0	0
GO	309	22	97	0	0
GO	310	0	5	22	92
GO	313	0	1	22	96
GO	315	0	1	22	96
GO	372	21	94	1	3
GO	375	21	94	1	3
GO	376	21	94	1	3
GO	400	22	97	0	0
GO	405	0	2	22	95
GO	408	22	97	0	0
GO	413	22	97	0	0
GO	428	22	96	0	1
GO	451	22	97	0	0
GO	453	22	97	0	0
GO	455	22	97	0	0
GO	462	22	97	0	0
GO	469	22	96	0	1
GO	470	22	93	0	4
GO	478	22	96	0	1
GO	502	22	97	0	0
GO	702	22	97	0	0
GO	703	22	97	0	0
GO	715	22	97	0	0
GO	716	22	97	0	0
GO	724	22	97	0	0
GO	725	22	97	0	0
GO	726	0	35	22	62
GO	731	22	97	0	0
GO	738	22	97	0	0
GO	746	0	7	22	90
GO	774	22	95	0	2
GO	785	22	96	0	1
GO	786	22	96	0	1
GO	787	22	96	0	1
GO	789	22	96	0	1
GO	793	1	0	21	97
GO	796	1	0	21	97
GO	819	22	97	0	0
GO	820	22	97	0	0
GO	821	22	97	0	0
GO	822	0	1	22	96
GO	900	22	97	0	0
GO	902	1	2	21	95
GO	904	0	1	22	96
GO	906	22	97	0	0
GO	910	22	97	0	0
GO	917	22	97	0	0
GO	918	22	97	0	0
GO	920	22	97	0	0
GO	935	0	1	22	96
GO	966	22	97	0	0
GO	967	22	97	0	0
GO	976	22	97	0	0
GO	984	22	97	0	0
GO	985	22	96	0	1
GO	986	22	97	0	0
GO	987	22	97	0	0
GO	988	22	97	0	0
GO	989	22	97	0	0
GO	990	22	97	0	0
GO	1000	22	97	0	0
GO	1017	22	97	0	0
GO	1046	22	96	0	1
GO	1047	22	96	0	1
GO	1067	22	97	0	0
GO	1072	22	92	0	5
GO	1073	22	97	0	0
GO	1098	22	97	0	0
GO	1101	22	97	0	0
GO	1108	22	97	0	0
GO	1121	22	97	0	0
GO	1123	22	96	0	1
GO	1124	22	89	0	8
GO	1125	22	97	0	0
GO	1130	22	97	0	0
GO	1131	22	97	0	0
GO	1140	22	97	0	0
GO	1141	22	97	0	0
GO	1150	20	56	2	41
GO	1151	20	55	2	42
GO	1158	20	56	2	41
GO	1199	22	59	0	38
GO	1204	22	59	0	38
GO	1216	22	97	0	0
GO	1217	22	97	0	0
GO	1505	22	97	0	0
GO	1510	22	97	0	0
GO	1514	13	29	9	68
GO	1522	22	97	0	0
GO	1530	22	97	0	0
GO	1539	22	97	0	0
GO	1541	0	1	22	96
GO	1546	0	1	22	96
GO	1558	22	97	0	0
GO	1562	0	1	22	96
GO	1573	0	1	22	96
GO	1655	0	1	22	96
GO	1666	0	1	22	96
GO	1680	21	97	1	0
GO	1682	21	96	1	1
GO	1716	22	97	0	0
GO	1727	0	31	22	66
GO	1731	22	97	0	0
GO	1750	0	0	22	97
GO	1775	0	1	22	96
GO	1817	0	1	22	96
GO	1818	0	1	22	96
GO	1819	0	1	22	96
GO	1871	0	1	22	96
GO	1880	0	1	22	96
GO	1882	22	97	0	0
GO	1883	22	97	0	0
GO	1884	22	97	0	0
GO	1887	22	97	0	0
GO	1896	22	97	0	0
GO	1897	22	96	0	1
GO	1906	22	97	0	0
GO	1907	22	97	0	0
GO	1917	0	0	22	97
GO	1932	22	97	0	0
GO	1934	22	97	0	0
GO	1968	0	9	22	88
GO	2020	22	96	0	1
GO	2054	0	6	22	91
GO	2057	0	6	22	91
GO	2060	0	6	22	91
GO	2064	0	1	22	96
GO	2094	22	97	0	0
GO	2097	22	97	0	0
GO	2098	22	97	0	0
GO	2099	22	97	0	0
GO	2100	21	97	1	0
GO	2101	22	97	0	0
GO	2128	22	97	0	0
GO	2130	22	96	0	1
GO	2131	22	96	0	1
GO	2132	22	96	0	1
GO	2134	22	97	0	0
GO	2136	22	97	0	0
GO	2143	22	97	0	0
GO	2161	22	97	0	0
GO	2181	22	97	0	0
GO	2183	22	97	0	0
GO	2184	21	97	1	0
GO	2188	22	96	0	1
GO	2190	22	96	0	1
GO	2192	22	96	0	1
GO	2196	22	97	0	0
GO	2225	0	1	22	96
GO	2237	0	1	22	96
GO	2250	0	1	22	96
GO	2252	22	96	0	1
GO	2263	0	1	22	96
GO	2266	0	1	22	96
GO	2268	0	1	22	96
GO	2285	0	1	22	96
GO	2286	0	1	22	96
GO	2287	0	1	22	96
GO	2292	0	1	22	96
GO	2293	0	1	22	96
GO	2294	0	1	22	96
GO	2312	0	1	22	96
GO	2313	0	1	22	96
GO	2315	0	1	22	96
GO	2335	0	1	22	96
GO	2366	0	1	22	96
GO	2376	22	96	0	1
GO	2443	0	1	22	96
GO	2449	0	1	22	96
GO	2455	0	1	22	96
GO	2460	0	1	22	96
GO	2467	0	1	22	96
GO	2520	0	1	22	96
GO	2521	0	1	22	96
GO	2682	0	1	22	96
GO	2684	0	1	22	96
GO	2697	0	1	22	96
GO	2699	0	1	22	96
GO	2700	0	1	22	96
GO	2702	0	1	22	96
GO	2759	0	1	22	96
GO	2760	0	1	22	96
GO	2784	0	1	22	96
GO	2788	0	1	22	96
GO	2790	22	97	0	0
GO	2804	0	1	22	96
GO	2805	0	1	22	96
GO	2807	0	1	22	96
GO	2810	0	1	22	96
GO	2831	0	1	22	96
GO	2833	0	1	22	96
GO	2920	0	1	22	96
GO	2922	0	1	22	96
GO	2935	22	96	0	1
GO	2937	22	95	0	2
GO	2938	0	65	22	32
GO	2939	22	96	0	1
GO	2943	22	97	0	0
GO	2949	22	97	0	0
GO	2953	22	83	0	14
GO	3006	0	3	22	94
GO	3333	22	97	0	0
GO	3382	0	1	22	96
GO	3674	22	97	0	0
GO	3676	22	97	0	0
GO	3677	22	97	0	0
GO	3678	22	97	0	0
GO	3681	22	95	0	2
GO	3684	22	97	0	0
GO	3688	22	97	0	0
GO	3690	22	97	0	0
GO	3697	22	97	0	0
GO	3700	22	97	0	0
GO	3723	22	97	0	0
GO	3724	22	97	0	0
GO	3725	22	97	0	0
GO	3727	22	97	0	0
GO	3729	22	97	0	0
GO	3730	22	97	0	0
GO	3735	22	97	0	0
GO	3743	22	97	0	0
GO	3746	22	97	0	0
GO	3747	22	97	0	0
GO	3755	22	97	0	0
GO	3756	22	97	0	0
GO	3796	4	31	18	66
GO	3824	22	97	0	0
GO	3841	22	97	0	0
GO	3844	22	77	0	20
GO	3848	22	96	0	1
GO	3849	22	97	0	0
GO	3850	22	96	0	1
GO	3852	22	97	0	0
GO	3855	22	96	0	1
GO	3856	22	97	0	0
GO	3857	22	97	0	0
GO	3861	22	96	0	1
GO	3862	22	94	0	3
GO	3864	22	97	0	0
GO	3866	22	97	0	0
GO	3867	22	53	0	44
GO	3871	22	74	0	23
GO	3879	21	97	1	0
GO	3882	21	96	1	1
GO	3883	22	97	0	0
GO	3886	0	10	22	87
GO	3887	22	97	0	0
GO	3899	22	97	0	0
GO	3904	22	84	0	13
GO	3906	22	97	0	0
GO	3909	22	97	0	0
GO	3910	21	92	1	5
GO	3911	22	96	0	1
GO	3913	22	84	0	13
GO	3916	22	97	0	0
GO	3917	22	96	0	1
GO	3918	22	97	0	0
GO	3919	22	97	0	0
GO	3920	0	7	22	90
GO	3921	22	97	0	0
GO	3922	22	97	0	0
GO	3924	22	97	0	0
GO	3933	22	97	0	0
GO	3934	22	97	0	0
GO	3935	22	96	0	1
GO	3938	22	97	0	0
GO	3941	0	52	22	45
GO	3942	22	95	0	2
GO	3949	22	97	0	0
GO	3951	22	96	0	1
GO	3952	13	35	9	62
GO	3954	22	97	0	0
GO	3955	0	2	22	95
GO	3962	22	97	0	0
GO	3963	0	1	22	96
GO	3964	0	1	22	96
GO	3977	22	97	0	0
GO	3978	0	21	22	76
GO	3979	1	0	21	97
GO	3984	22	96	0	1
GO	3985	22	97	0	0
GO	3987	22	97	0	0
GO	3988	22	97	0	0
GO	3989	22	56	0	41
GO	3991	22	96	0	1
GO	3992	22	97	0	0
GO	3994	22	97	0	0
GO	3995	22	97	0	0
GO	3996	0	1	22	96
GO	3998	22	63	0	34
GO	3999	22	97	0	0
GO	4000	22	73	0	24
GO	4003	22	97	0	0
GO	4004	22	97	0	0
GO	4008	1	0	21	97
GO	4013	0	1	22	96
GO	4015	22	97	0	0
GO	4016	22	94	0	3
GO	4017	21	96	1	1
GO	4019	22	94	0	3
GO	4020	22	65	0	32
GO	4021	22	95	0	2
GO	4022	22	97	0	0
GO	4029	0	63	22	34
GO	4033	22	93	0	4
GO	4034	22	89	0	8
GO	4035	0	1	22	96
GO	4037	0	4	22	93
GO	4038	0	4	22	93
GO	4042	22	96	0	1
GO	4044	22	97	0	0
GO	4045	22	97	0	0
GO	4047	22	97	0	0
GO	4048	22	94	0	3
GO	4049	22	97	0	0
GO	4055	22	95	0	2
GO	4056	22	94	0	3
GO	4057	21	96	1	1
GO	4066	22	96	0	1
GO	4067	22	95	0	2
GO	4068	22	95	0	2
GO	4069	22	97	0	0
GO	4070	22	97	0	0
GO	4071	22	96	0	1
GO	4072	22	97	0	0
GO	4073	22	97	0	0
GO	4075	0	24	22	73
GO	4076	22	97	0	0
GO	4077	22	97	0	0
GO	4084	0	41	22	56
GO	4087	22	97	0	0
GO	4088	22	97	0	0
GO	4089	22	97	0	0
GO	4096	22	74	0	23
GO	4099	0	26	22	71
GO	4106	22	97	0	0
GO	4107	22	97	0	0
GO	4108	22	97	0	0
GO	4109	22	97	0	0
GO	4112	22	97	0	0
GO	4114	21	97	1	0
GO	4115	21	97	1	0
GO	4121	22	97	0	0
GO	4122	0	1	22	96
GO	4123	22	97	0	0
GO	4124	22	97	0	0
GO	4125	14	34	8	63
GO	4126	22	96	0	1
GO	4127	22	97	0	0
GO	4129	0	2	22	95
GO	4130	0	1	22	96
GO	4131	0	18	22	79
GO	4139	22	97	0	0
GO	4140	22	96	0	1
GO	4141	22	97	0	0
GO	4143	0	1	22	96
GO	4145	0	3	22	94
GO	4146	22	96	0	1
GO	4148	22	97	0	0
GO	4149	22	97	0	0
GO	4150	22	97	0	0
GO	4151	22	93	0	4
GO	4152	22	97	0	0
GO	4155	22	72	0	25
GO	4156	22	96	0	1
GO	4158	22	97	0	0
GO	4161	21	96	1	1
GO	4165	22	97	0	0
GO	4170	22	96	0	1
GO	4175	22	97	0	0
GO	4176	22	97	0	0
GO	4177	22	97	0	0
GO	4180	22	97	0	0
GO	4185	22	97	0	0
GO	4197	0	1	22	96
GO	4222	22	97	0	0
GO	4252	22	97	0	0
GO	4298	21	96	1	1
GO	4300	22	97	0	0
GO	4308	0	1	22	96
GO	4309	22	97	0	0
GO	4311	22	97	0	0
GO	4312	22	97	0	0
GO	4314	22	97	0	0
GO	4315	22	97	0	0
GO	4316	22	97	0	0
GO	4318	22	96	0	1
GO	4321	0	1	22	96
GO	4322	22	97	0	0
GO	4324	22	97	0	0
GO	4325	22	97	0	0
GO	4326	22	97	0	0
GO	4329	22	63	0	34
GO	4333	22	97	0	0
GO	4335	0	47	22	50
GO	4337	21	96	1	1
GO	4342	6	3	16	94
GO	4345	22	97	0	0
GO	4346	22	96	0	1
GO	4349	22	97	0	0
GO	4350	21	97	1	0
GO	4351	0	9	22	88
GO	4353	0	8	22	89
GO	4354	0	8	22	89
GO	4355	22	96	0	1
GO	4356	22	97	0	0
GO	4357	22	97	0	0
GO	4358	22	95	0	2
GO	4359	22	94	0	3
GO	4360	22	97	0	0
GO	4362	22	96	0	1
GO	4363	22	96	0	1
GO	4364	0	5	22	92
GO	4365	22	96	0	1
GO	4366	22	97	0	0
GO	4367	22	97	0	0
GO	4368	0	4	22	93
GO	4370	21	96	1	1
GO	4372	22	96	0	1
GO	4373	22	75	0	22
GO	4375	22	97	0	0
GO	4385	22	97	0	0
GO	4386	22	97	0	0
GO	4396	22	96	0	1
GO	4397	21	93	1	4
GO	4399	22	97	0	0
GO	4400	22	96	0	1
GO	4401	22	96	0	1
GO	4411	22	92	0	5
GO	4412	22	97	0	0
GO	4413	22	96	0	1
GO	4416	22	97	0	0
GO	4417	0	2	22	95
GO	4418	22	97	0	0
GO	4422	22	96	0	1
GO	4424	22	96	0	1
GO	4425	22	96	0	1
GO	4427	0	5	22	92
GO	4451	22	71	0	26
GO	4455	22	96	0	1
GO	4456	22	97	0	0
GO	4457	22	94	0	3
GO	4458	0	3	22	94
GO	4462	22	96	0	1
GO	4470	22	97	0	0
GO	4471	22	97	0	0
GO	4473	22	97	0	0
GO	4474	22	96	0	1
GO	4475	0	5	22	92
GO	4477	22	97	0	0
GO	4478	22	97	0	0
GO	4479	21	96	1	1
GO	4486	22	97	0	0
GO	4488	22	97	0	0
GO	4489	22	86	0	11
GO	4494	0	2	22	95
GO	4497	22	95	0	2
GO	4505	22	95	0	2
GO	4514	22	96	0	1
GO	4515	22	97	0	0
GO	4516	0	2	22	95
GO	4518	22	97	0	0
GO	4519	22	97	0	0
GO	4520	22	97	0	0
GO	4521	22	97	0	0
GO	4523	22	97	0	0
GO	4525	22	97	0	0
GO	4526	21	96	1	1
GO	4527	22	97	0	0
GO	4529	22	97	0	0
GO	4532	22	97	0	0
GO	4534	22	97	0	0
GO	4536	22	97	0	0
GO	4540	22	97	0	0
GO	4549	21	96	1	1
GO	4550	22	96	0	1
GO	4551	21	97	1	0
GO	4553	22	97	0	0
GO	4556	0	1	22	96
GO	4558	0	27	22	70
GO	4563	22	96	0	1
GO	4568	21	33	1	64
GO	4585	22	96	0	1
GO	4586	21	33	1	64
GO	4588	21	97	1	0
GO	4590	22	97	0	0
GO	4591	22	96	0	1
GO	4592	22	97	0	0
GO	4594	22	97	0	0
GO	4595	21	97	1	0
GO	4596	21	97	1	0
GO	4601	22	97	0	0
GO	4604	22	96	0	1
GO	4605	21	97	1	0
GO	4609	21	97	1	0
GO	4611	22	96	0	1
GO	4612	22	94	0	3
GO	4614	22	97	0	0
GO	4615	22	96	0	1
GO	4617	22	97	0	0
GO	4618	22	97	0	0
GO	4619	22	97	0	0
GO	4620	22	97	0	0
GO	4622	22	97	0	0
GO	4632	22	97	0	0
GO	4633	22	97	0	0
GO	4634	22	97	0	0
GO	4635	22	97	0	0
GO	4636	22	97	0	0
GO	4637	22	96	0	1
GO	4638	22	82	0	15
GO	4639	22	95	0	2
GO	4640	22	96	0	1
GO	4641	22	97	0	0
GO	4642	22	97	0	0
GO	4643	22	97	0	0
GO	4644	22	97	0	0
GO	4645	22	97	0	0
GO	4647	22	97	0	0
GO	4648	22	97	0	0
GO	4652	21	97	1	0
GO	4654	22	97	0	0
GO	4655	22	45	0	52
GO	4659	22	97	0	0
GO	4664	22	96	0	1
GO	4672	22	97	0	0
GO	4673	22	97	0	0
GO	4674	22	97	0	0
GO	4713	2	7	20	90
GO	4719	22	97	0	0
GO	4721	22	97	0	0
GO	4722	0	0	22	97
GO	4725	2	5	20	92
GO	4729	22	97	0	0
GO	4730	0	26	22	71
GO	4731	22	97	0	0
GO	4733	22	96	0	1
GO	4735	22	97	0	0
GO	4738	22	96	0	1
GO	4742	22	80	0	17
GO	4743	22	97	0	0
GO	4746	22	96	0	1
GO	4747	22	74	0	23
GO	4748	22	97	0	0
GO	4749	21	97	1	0
GO	4750	22	96	0	1
GO	4751	22	97	0	0
GO	4756	22	92	0	5
GO	4764	22	97	0	0
GO	4765	22	97	0	0
GO	4766	0	16	22	81
GO	4774	22	97	0	0
GO	4775	22	97	0	0
GO	4779	22	66	0	31
GO	4781	22	66	0	31
GO	4783	22	97	0	0
GO	4784	22	96	0	1
GO	4787	21	93	1	4
GO	4791	22	97	0	0
GO	4792	22	97	0	0
GO	4793	22	96	0	1
GO	4794	22	96	0	1
GO	4795	22	96	0	1
GO	4797	22	97	0	0
GO	4798	22	96	0	1
GO	4799	22	97	0	0
GO	4801	22	97	0	0
GO	4802	0	6	22	91
GO	4803	4	10	18	87
GO	4805	0	1	22	96
GO	4806	0	19	22	78
GO	4807	22	97	0	0
GO	4808	22	97	0	0
GO	4810	21	97	1	0
GO	4812	22	97	0	0
GO	4813	22	97	0	0
GO	4814	22	97	0	0
GO	4815	22	97	0	0
GO	4816	22	97	0	0
GO	4817	22	97	0	0
GO	4818	22	96	0	1
GO	4819	22	97	0	0
GO	4820	22	96	0	1
GO	4821	21	97	1	0
GO	4822	22	97	0	0
GO	4823	22	97	0	0
GO	4825	22	97	0	0
GO	4826	22	95	0	2
GO	4827	22	96	0	1
GO	4828	22	97	0	0
GO	4829	22	97	0	0
GO	4830	22	96	0	1
GO	4831	22	97	0	0
GO	4832	22	97	0	0
GO	4833	0	17	22	80
GO	4834	22	97	0	0
GO	4838	22	96	0	1
GO	4842	0	3	22	94
GO	4844	21	97	1	0
GO	4845	22	96	0	1
GO	4849	22	97	0	0
GO	4850	22	97	0	0
GO	4852	22	97	0	0
GO	4853	22	95	0	2
GO	4854	0	7	22	90
GO	4856	0	9	22	88
GO	4857	22	97	0	0
GO	4866	22	91	0	6
GO	4867	22	91	0	6
GO	5048	22	94	0	3
GO	5085	22	97	0	0
GO	5096	22	97	0	0
GO	5102	0	1	22	96
GO	5126	0	1	22	96
GO	5160	0	1	22	96
GO	5179	0	1	22	96
GO	5198	22	97	0	0
GO	5215	22	97	0	0
GO	5216	22	97	0	0
GO	5261	22	97	0	0
GO	5262	0	61	22	36
GO	5267	22	97	0	0
GO	5275	0	28	22	69
GO	5283	22	96	0	1
GO	5294	22	91	0	6
GO	5295	22	96	0	1
GO	5300	22	97	0	0
GO	5302	0	6	22	91
GO	5304	0	1	22	96
GO	5310	22	96	0	1
GO	5315	22	97	0	0
GO	5319	22	97	0	0
GO	5326	22	63	0	34
GO	5337	22	97	0	0
GO	5342	22	97	0	0
GO	5343	22	96	0	1
GO	5345	0	13	22	84
GO	5350	22	94	0	3
GO	5351	0	5	22	92
GO	5372	22	50	0	47
GO	5375	2	0	20	97
GO	5381	22	97	0	0
GO	5384	0	3	22	94
GO	5385	22	97	0	0
GO	5402	0	27	22	70
GO	5416	22	96	0	1
GO	5451	22	97	0	0
GO	5452	0	1	22	96
GO	5469	22	80	0	17
GO	5488	22	97	0	0
GO	5504	22	97	0	0
GO	5506	22	97	0	0
GO	5507	22	97	0	0
GO	5509	22	96	0	1
GO	5515	22	97	0	0
GO	5524	22	97	0	0
GO	5525	22	97	0	0
GO	5527	22	97	0	0
GO	5528	22	97	0	0
GO	5534	18	12	4	85
GO	5539	21	97	1	0
GO	5542	22	97	0	0
GO	5543	22	97	0	0
GO	5545	0	1	22	96
GO	5575	22	97	0	0
GO	5576	22	97	0	0
GO	5615	8	14	14	83
GO	5618	22	97	0	0
GO	5622	22	97	0	0
GO	5623	22	97	0	0
GO	5628	0	2	22	95
GO	5634	22	97	0	0
GO	5654	1	1	21	96
GO	5655	21	96	1	1
GO	5657	22	97	0	0
GO	5658	22	96	0	1
GO	5694	22	97	0	0
GO	5730	21	96	1	1
GO	5737	22	97	0	0
GO	5739	1	3	21	94
GO	5740	0	2	22	95
GO	5743	0	2	22	95
GO	5746	0	2	22	95
GO	5747	0	1	22	96
GO	5750	0	1	22	96
GO	5751	0	2	22	95
GO	5753	0	1	22	96
GO	5759	1	1	21	96
GO	5761	0	1	22	96
GO	5762	0	1	22	96
GO	5768	1	1	21	96
GO	5769	0	1	22	96
GO	5770	1	0	21	97
GO	5773	0	1	22	96
GO	5794	1	1	21	96
GO	5802	1	1	21	96
GO	5829	22	97	0	0
GO	5840	22	97	0	0
GO	5844	22	94	0	3
GO	5856	22	97	0	0
GO	5886	22	97	0	0
GO	5887	22	97	0	0
GO	5929	0	0	22	97
GO	5933	0	2	22	95
GO	5935	0	2	22	95
GO	5948	22	96	0	1
GO	5950	22	97	0	0
GO	5951	22	97	0	0
GO	5960	22	97	0	0
GO	5971	22	97	0	0
GO	5975	22	97	0	0
GO	5976	22	97	0	0
GO	5977	22	97	0	0
GO	5978	22	97	0	0
GO	5979	22	94	0	3
GO	5981	22	95	0	2
GO	5984	22	96	0	1
GO	5985	22	96	0	1
GO	5986	22	96	0	1
GO	5991	0	1	22	96
GO	5992	0	1	22	96
GO	5996	22	97	0	0
GO	5997	0	9	22	88
GO	5998	0	9	22	88
GO	6000	22	97	0	0
GO	6001	22	97	0	0
GO	6002	22	97	0	0
GO	6006	22	97	0	0
GO	6012	22	97	0	0
GO	6014	22	97	0	0
GO	6015	21	97	1	0
GO	6020	22	96	0	1
GO	6022	22	97	0	0
GO	6023	22	97	0	0
GO	6024	22	97	0	0
GO	6026	22	97	0	0
GO	6027	22	97	0	0
GO	6029	1	0	21	97
GO	6030	21	37	1	60
GO	6031	0	2	22	95
GO	6032	21	35	1	62
GO	6037	0	2	22	95
GO	6038	0	2	22	95
GO	6040	22	97	0	0
GO	6044	18	5	4	92
GO	6046	0	2	22	95
GO	6047	22	97	0	0
GO	6048	22	97	0	0
GO	6050	0	5	22	92
GO	6051	0	5	22	92
GO	6053	0	5	22	92
GO	6054	0	5	22	92
GO	6063	0	3	22	94
GO	6064	0	1	22	96
GO	6066	22	97	0	0
GO	6067	22	97	0	0
GO	6071	22	97	0	0
GO	6072	22	97	0	0
GO	6073	22	97	0	0
GO	6081	22	97	0	0
GO	6082	22	97	0	0
GO	6083	22	97	0	0
GO	6084	22	97	0	0
GO	6085	22	97	0	0
GO	6086	22	97	0	0
GO	6089	22	97	0	0
GO	6090	22	97	0	0
GO	6091	22	97	0	0
GO	6094	22	97	0	0
GO	6096	22	97	0	0
GO	6097	22	97	0	0
GO	6098	22	97	0	0
GO	6099	22	97	0	0
GO	6101	22	97	0	0
GO	6103	22	97	0	0
GO	6105	22	97	0	0
GO	6106	0	47	22	50
GO	6107	0	1	22	96
GO	6108	22	97	0	0
GO	6109	22	97	0	0
GO	6112	22	97	0	0
GO	6113	22	97	0	0
GO	6115	22	95	0	2
GO	6116	0	1	22	96
GO	6119	22	97	0	0
GO	6120	22	97	0	0
GO	6123	0	2	22	95
GO	6124	22	95	0	2
GO	6139	22	97	0	0
GO	6140	0	6	22	91
GO	6144	22	97	0	0
GO	6145	0	10	22	87
GO	6146	0	1	22	96
GO	6148	0	34	22	63
GO	6149	0	34	22	63
GO	6150	0	7	22	90
GO	6152	22	97	0	0
GO	6154	22	73	0	24
GO	6161	0	34	22	63
GO	6163	22	97	0	0
GO	6164	22	97	0	0
GO	6165	22	97	0	0
GO	6166	22	97	0	0
GO	6167	22	94	0	3
GO	6168	22	96	0	1
GO	6171	22	94	0	3
GO	6172	21	96	1	1
GO	6177	22	97	0	0
GO	6183	22	97	0	0
GO	6188	22	97	0	0
GO	6189	22	97	0	0
GO	6195	22	97	0	0
GO	6203	22	97	0	0
GO	6206	22	97	0	0
GO	6207	22	97	0	0
GO	6208	22	96	0	1
GO	6209	0	18	22	79
GO	6212	22	94	0	3
GO	6213	22	97	0	0
GO	6216	22	96	0	1
GO	6217	22	96	0	1
GO	6218	22	97	0	0
GO	6220	22	97	0	0
GO	6221	22	97	0	0
GO	6222	22	97	0	0
GO	6226	22	96	0	1
GO	6227	22	96	0	1
GO	6231	22	36	0	61
GO	6233	22	96	0	1
GO	6235	22	96	0	1
GO	6241	22	97	0	0
GO	6244	22	97	0	0
GO	6253	22	66	0	31
GO	6259	22	97	0	0
GO	6260	22	97	0	0
GO	6261	22	97	0	0
GO	6265	22	97	0	0
GO	6266	22	97	0	0
GO	6268	22	97	0	0
GO	6269	22	96	0	1
GO	6270	22	97	0	0
GO	6271	22	97	0	0
GO	6273	22	97	0	0
GO	6274	2	3	20	94
GO	6275	22	97	0	0
GO	6276	22	97	0	0
GO	6278	0	1	22	96
GO	6281	22	97	0	0
GO	6282	22	97	0	0
GO	6283	22	97	0	0
GO	6284	22	97	0	0
GO	6285	22	97	0	0
GO	6288	22	96	0	1
GO	6289	22	97	0	0
GO	6298	22	97	0	0
GO	6301	22	97	0	0
GO	6302	22	97	0	0
GO	6304	22	97	0	0
GO	6305	22	97	0	0
GO	6306	22	97	0	0
GO	6308	22	97	0	0
GO	6310	22	97	0	0
GO	6313	5	15	17	82
GO	6323	21	97	1	0
GO	6351	22	97	0	0
GO	6352	22	97	0	0
GO	6353	22	97	0	0
GO	6354	22	97	0	0
GO	6355	22	97	0	0
GO	6357	0	1	22	96
GO	6364	22	97	0	0
GO	6378	22	97	0	0
GO	6379	0	6	22	91
GO	6382	21	97	1	0
GO	6396	22	97	0	0
GO	6397	22	97	0	0
GO	6399	22	97	0	0
GO	6400	22	97	0	0
GO	6401	22	97	0	0
GO	6402	22	97	0	0
GO	6412	22	97	0	0
GO	6413	22	97	0	0
GO	6414	22	97	0	0
GO	6415	22	97	0	0
GO	6417	22	97	0	0
GO	6418	22	97	0	0
GO	6419	22	97	0	0
GO	6420	22	97	0	0
GO	6421	22	97	0	0
GO	6422	22	97	0	0
GO	6423	22	97	0	0
GO	6424	22	96	0	1
GO	6425	22	97	0	0
GO	6426	22	96	0	1
GO	6427	21	97	1	0
GO	6428	22	97	0	0
GO	6429	22	97	0	0
GO	6430	0	1	22	96
GO	6431	22	97	0	0
GO	6432	22	95	0	2
GO	6433	22	96	0	1
GO	6434	22	97	0	0
GO	6435	22	97	0	0
GO	6436	22	96	0	1
GO	6437	22	97	0	0
GO	6438	22	97	0	0
GO	6446	22	97	0	0
GO	6448	22	97	0	0
GO	6450	22	97	0	0
GO	6451	13	29	9	68
GO	6457	22	97	0	0
GO	6458	22	97	0	0
GO	6464	22	97	0	0
GO	6465	22	97	0	0
GO	6468	22	97	0	0
GO	6470	22	97	0	0
GO	6473	22	97	0	0
GO	6474	21	97	1	0
GO	6475	22	95	0	2
GO	6476	22	97	0	0
GO	6479	22	97	0	0
GO	6480	22	97	0	0
GO	6482	19	19	3	78
GO	6486	22	97	0	0
GO	6487	22	97	0	0
GO	6497	1	0	21	97
GO	6508	22	97	0	0
GO	6511	21	96	1	1
GO	6515	22	97	0	0
GO	6517	2	4	20	93
GO	6518	22	97	0	0
GO	6520	22	97	0	0
GO	6521	22	97	0	0
GO	6522	22	97	0	0
GO	6523	22	95	0	2
GO	6524	22	97	0	0
GO	6525	22	97	0	0
GO	6526	22	97	0	0
GO	6527	22	97	0	0
GO	6528	22	97	0	0
GO	6529	22	96	0	1
GO	6530	22	95	0	2
GO	6531	22	97	0	0
GO	6532	0	41	22	56
GO	6534	22	97	0	0
GO	6535	22	97	0	0
GO	6536	22	97	0	0
GO	6537	22	97	0	0
GO	6541	22	97	0	0
GO	6542	22	97	0	0
GO	6543	22	94	0	3
GO	6544	22	97	0	0
GO	6545	22	97	0	0
GO	6546	22	97	0	0
GO	6547	22	97	0	0
GO	6548	22	93	0	4
GO	6549	22	97	0	0
GO	6551	22	97	0	0
GO	6553	22	97	0	0
GO	6554	22	54	0	43
GO	6555	22	97	0	0
GO	6556	22	97	0	0
GO	6558	22	97	0	0
GO	6559	22	96	0	1
GO	6560	22	97	0	0
GO	6561	22	97	0	0
GO	6563	22	97	0	0
GO	6564	22	97	0	0
GO	6565	22	96	0	1
GO	6566	22	97	0	0
GO	6567	22	97	0	0
GO	6568	22	97	0	0
GO	6569	0	17	22	80
GO	6570	22	97	0	0
GO	6571	22	97	0	0
GO	6572	22	95	0	2
GO	6573	22	97	0	0
GO	6575	22	97	0	0
GO	6576	22	97	0	0
GO	6577	0	70	22	27
GO	6578	0	62	22	35
GO	6579	0	20	22	77
GO	6586	22	97	0	0
GO	6591	22	97	0	0
GO	6595	22	97	0	0
GO	6596	22	97	0	0
GO	6598	0	5	22	92
GO	6605	22	97	0	0
GO	6606	0	1	22	96
GO	6612	22	97	0	0
GO	6613	22	97	0	0
GO	6614	22	97	0	0
GO	6616	22	97	0	0
GO	6629	22	97	0	0
GO	6631	22	97	0	0
GO	6633	22	97	0	0
GO	6635	22	97	0	0
GO	6637	22	97	0	0
GO	6643	22	97	0	0
GO	6644	22	97	0	0
GO	6650	22	97	0	0
GO	6655	22	97	0	0
GO	6664	22	97	0	0
GO	6665	0	1	22	96
GO	6672	0	1	22	96
GO	6687	0	1	22	96
GO	6689	0	1	22	96
GO	6720	22	97	0	0
GO	6721	22	97	0	0
GO	6725	22	97	0	0
GO	6729	22	97	0	0
GO	6730	22	97	0	0
GO	6732	22	97	0	0
GO	6733	22	97	0	0
GO	6734	22	97	0	0
GO	6739	22	97	0	0
GO	6740	22	54	0	43
GO	6741	22	96	0	1
GO	6743	22	97	0	0
GO	6744	22	97	0	0
GO	6749	22	97	0	0
GO	6750	22	97	0	0
GO	6753	22	97	0	0
GO	6754	22	97	0	0
GO	6757	22	97	0	0
GO	6760	22	97	0	0
GO	6761	22	97	0	0
GO	6766	22	97	0	0
GO	6767	22	97	0	0
GO	6768	22	97	0	0
GO	6771	22	97	0	0
GO	6772	22	97	0	0
GO	6775	22	97	0	0
GO	6777	22	97	0	0
GO	6778	22	97	0	0
GO	6779	22	97	0	0
GO	6780	22	95	0	2
GO	6782	22	97	0	0
GO	6783	22	97	0	0
GO	6790	22	97	0	0
GO	6791	21	44	1	53
GO	6793	22	97	0	0
GO	6796	22	97	0	0
GO	6797	22	44	0	53
GO	6798	22	44	0	53
GO	6799	20	43	2	54
GO	6801	22	96	0	1
GO	6805	0	7	22	90
GO	6807	22	97	0	0
GO	6808	22	97	0	0
GO	6810	22	97	0	0
GO	6811	22	97	0	0
GO	6812	22	97	0	0
GO	6813	22	97	0	0
GO	6814	22	97	0	0
GO	6816	0	61	22	36
GO	6817	22	97	0	0
GO	6820	22	97	0	0
GO	6821	0	2	22	95
GO	6824	22	96	0	1
GO	6825	22	63	0	34
GO	6826	22	97	0	0
GO	6828	0	3	22	94
GO	6829	22	97	0	0
GO	6833	22	50	0	47
GO	6835	22	97	0	0
GO	6836	22	63	0	34
GO	6839	0	1	22	96
GO	6846	22	81	0	16
GO	6855	22	97	0	0
GO	6857	22	97	0	0
GO	6863	0	13	22	84
GO	6865	22	97	0	0
GO	6869	22	97	0	0
GO	6873	22	97	0	0
GO	6874	1	61	21	36
GO	6875	22	97	0	0
GO	6876	22	97	0	0
GO	6878	2	0	20	97
GO	6879	22	97	0	0
GO	6880	22	64	0	33
GO	6882	22	97	0	0
GO	6883	22	94	0	3
GO	6884	22	97	0	0
GO	6885	22	97	0	0
GO	6886	22	97	0	0
GO	6892	0	1	22	96
GO	6896	0	1	22	96
GO	6897	0	1	22	96
GO	6906	0	1	22	96
GO	6913	0	1	22	96
GO	6915	0	1	22	96
GO	6928	22	97	0	0
GO	6935	22	97	0	0
GO	6950	22	97	0	0
GO	6952	22	97	0	0
GO	6955	0	2	22	95
GO	6959	0	1	22	96
GO	6967	0	1	22	96
GO	6970	22	97	0	0
GO	6972	22	97	0	0
GO	6974	22	97	0	0
GO	6979	22	97	0	0
GO	6986	22	97	0	0
GO	6995	21	94	1	3
GO	6996	22	97	0	0
GO	7005	0	1	22	96
GO	7006	0	1	22	96
GO	7007	0	1	22	96
GO	7010	0	3	22	94
GO	7015	0	3	22	94
GO	7034	0	1	22	96
GO	7041	0	1	22	96
GO	7049	22	97	0	0
GO	7059	22	97	0	0
GO	7062	22	97	0	0
GO	7154	22	97	0	0
GO	7155	22	97	0	0
GO	7163	22	96	0	1
GO	7165	22	97	0	0
GO	7166	0	1	22	96
GO	7167	0	1	22	96
GO	7178	0	1	22	96
GO	7204	0	1	22	96
GO	7231	22	96	0	1
GO	7249	0	1	22	96
GO	7267	22	97	0	0
GO	7275	0	2	22	95
GO	7276	0	1	22	96
GO	7281	0	1	22	96
GO	7292	0	1	22	96
GO	7346	22	97	0	0
GO	7399	0	1	22	96
GO	7417	0	1	22	96
GO	7420	0	1	22	96
GO	7530	0	1	22	96
GO	7548	0	1	22	96
GO	7568	0	2	22	95
GO	7584	22	96	0	1
GO	8022	18	42	4	55
GO	8026	22	97	0	0
GO	8028	22	87	0	10
GO	8033	22	97	0	0
GO	8047	22	97	0	0
GO	8061	21	33	1	64
GO	8073	22	97	0	0
GO	8079	22	97	0	0
GO	8080	22	97	0	0
GO	8081	22	97	0	0
GO	8094	22	97	0	0
GO	8097	22	96	0	1
GO	8104	22	97	0	0
GO	8106	0	17	22	80
GO	8108	0	46	22	51
GO	8119	22	95	0	2
GO	8127	21	54	1	43
GO	8134	22	95	0	2
GO	8135	22	97	0	0
GO	8137	22	97	0	0
GO	8138	21	97	1	0
GO	8143	22	97	0	0
GO	8144	22	97	0	0
GO	8150	22	97	0	0
GO	8152	22	97	0	0
GO	8154	0	3	22	94
GO	8156	22	97	0	0
GO	8168	22	97	0	0
GO	8169	22	97	0	0
GO	8170	22	97	0	0
GO	8171	22	97	0	0
GO	8172	22	97	0	0
GO	8173	22	97	0	0
GO	8175	22	97	0	0
GO	8176	22	97	0	0
GO	8177	22	96	0	1
GO	8186	22	97	0	0
GO	8194	22	97	0	0
GO	8198	22	97	0	0
GO	8199	22	97	0	0
GO	8213	22	97	0	0
GO	8214	19	19	3	78
GO	8216	21	47	1	50
GO	8219	22	97	0	0
GO	8233	22	97	0	0
GO	8234	22	96	0	1
GO	8235	22	97	0	0
GO	8236	22	97	0	0
GO	8237	22	97	0	0
GO	8238	22	97	0	0
GO	8239	22	96	0	1
GO	8242	22	95	0	2
GO	8252	22	97	0	0
GO	8253	22	97	0	0
GO	8254	22	97	0	0
GO	8270	22	97	0	0
GO	8271	22	96	0	1
GO	8272	22	97	0	0
GO	8273	0	61	22	36
GO	8276	22	97	0	0
GO	8284	0	1	22	96
GO	8289	22	97	0	0
GO	8295	21	47	1	50
GO	8296	22	97	0	0
GO	8297	22	97	0	0
GO	8299	22	97	0	0
GO	8301	22	97	0	0
GO	8310	22	97	0	0
GO	8312	21	95	1	2
GO	8320	22	97	0	0
GO	8324	22	97	0	0
GO	8340	0	1	22	96
GO	8360	22	97	0	0
GO	8361	22	97	0	0
GO	8374	22	97	0	0
GO	8375	22	97	0	0
GO	8378	0	1	22	96
GO	8379	22	60	0	37
GO	8380	21	94	1	3
GO	8381	22	97	0	0
GO	8406	0	1	22	96
GO	8408	22	97	0	0
GO	8409	22	97	0	0
GO	8412	22	97	0	0
GO	8413	22	96	0	1
GO	8417	2	0	20	97
GO	8425	22	97	0	0
GO	8428	22	97	0	0
GO	8441	21	81	1	16
GO	8444	22	96	0	1
GO	8446	4	15	18	82
GO	8448	18	5	4	92
GO	8452	0	1	22	96
GO	8460	22	80	0	17
GO	8463	22	96	0	1
GO	8477	22	97	0	0
GO	8478	0	15	22	82
GO	8479	22	96	0	1
GO	8483	22	97	0	0
GO	8484	0	2	22	95
GO	8490	2	15	20	82
GO	8494	22	89	0	8
GO	8495	22	97	0	0
GO	8509	22	97	0	0
GO	8512	22	96	0	1
GO	8514	22	97	0	0
GO	8519	22	97	0	0
GO	8531	22	97	0	0
GO	8534	22	97	0	0
GO	8551	0	2	22	95
GO	8553	0	1	22	96
GO	8556	0	12	22	85
GO	8565	22	97	0	0
GO	8585	0	1	22	96
GO	8592	0	1	22	96
GO	8610	22	97	0	0
GO	8614	22	97	0	0
GO	8615	22	97	0	0
GO	8616	22	97	0	0
GO	8617	0	34	22	63
GO	8630	0	1	22	96
GO	8643	22	97	0	0
GO	8645	18	12	4	85
GO	8649	22	97	0	0
GO	8650	22	97	0	0
GO	8652	22	97	0	0
GO	8653	22	97	0	0
GO	8654	22	97	0	0
GO	8655	22	97	0	0
GO	8657	22	96	0	1
GO	8658	22	97	0	0
GO	8661	22	96	0	1
GO	8663	22	92	0	5
GO	8666	22	97	0	0
GO	8671	0	8	22	89
GO	8675	21	96	1	1
GO	8676	22	97	0	0
GO	8677	22	96	0	1
GO	8681	22	96	0	1
GO	8682	22	97	0	0
GO	8683	22	94	0	3
GO	8685	22	97	0	0
GO	8686	22	95	0	2
GO	8689	22	97	0	0
GO	8692	22	97	0	0
GO	8693	22	97	0	0
GO	8694	22	97	0	0
GO	8696	22	97	0	0
GO	8700	21	96	1	1
GO	8701	0	3	22	94
GO	8703	22	97	0	0
GO	8705	22	96	0	1
GO	8710	22	97	0	0
GO	8712	0	34	22	63
GO	8713	22	97	0	0
GO	8715	0	1	22	96
GO	8716	22	96	0	1
GO	8718	0	3	22	94
GO	8719	22	74	0	23
GO	8720	22	93	0	4
GO	8721	0	5	22	92
GO	8728	22	97	0	0
GO	8732	22	96	0	1
GO	8733	18	12	4	85
GO	8734	22	97	0	0
GO	8735	0	19	22	78
GO	8741	18	12	4	85
GO	8742	18	12	4	85
GO	8743	22	97	0	0
GO	8745	22	97	0	0
GO	8746	22	54	0	43
GO	8750	22	54	0	43
GO	8753	0	1	22	96
GO	8756	22	95	0	2
GO	8757	22	97	0	0
GO	8758	22	97	0	0
GO	8759	22	97	0	0
GO	8760	21	97	1	0
GO	8761	2	13	20	84
GO	8762	22	97	0	0
GO	8763	22	97	0	0
GO	8764	22	97	0	0
GO	8765	22	97	0	0
GO	8766	22	97	0	0
GO	8767	0	7	22	90
GO	8768	20	82	2	15
GO	8770	22	96	0	1
GO	8773	22	97	0	0
GO	8774	22	95	0	2
GO	8776	22	97	0	0
GO	8777	0	62	22	35
GO	8780	21	96	1	1
GO	8781	22	97	0	0
GO	8782	22	97	0	0
GO	8783	0	61	22	36
GO	8784	22	97	0	0
GO	8785	22	96	0	1
GO	8792	22	97	0	0
GO	8794	0	3	22	94
GO	8795	21	95	1	2
GO	8796	21	97	1	0
GO	8797	0	43	22	54
GO	8798	0	1	22	96
GO	8800	22	29	0	68
GO	8801	18	14	4	83
GO	8802	0	62	22	35
GO	8803	21	97	1	0
GO	8804	0	4	22	93
GO	8808	8	65	14	32
GO	8809	0	20	22	77
GO	8810	0	1	22	96
GO	8813	22	97	0	0
GO	8817	22	96	0	1
GO	8818	22	71	0	26
GO	8819	21	90	1	7
GO	8820	21	90	1	7
GO	8821	22	97	0	0
GO	8824	0	5	22	92
GO	8825	0	1	22	96
GO	8829	22	66	0	31
GO	8830	22	66	0	31
GO	8832	22	97	0	0
GO	8833	0	35	22	62
GO	8834	22	96	0	1
GO	8835	22	97	0	0
GO	8836	21	97	1	0
GO	8837	22	96	0	1
GO	8838	0	7	22	90
GO	8839	21	97	1	0
GO	8840	22	97	0	0
GO	8841	22	97	0	0
GO	8843	0	1	22	96
GO	8852	22	97	0	0
GO	8853	22	97	0	0
GO	8854	22	97	0	0
GO	8855	22	97	0	0
GO	8861	22	96	0	1
GO	8864	21	91	1	6
GO	8879	20	47	2	50
GO	8881	22	97	0	0
GO	8882	22	97	0	0
GO	8883	22	96	0	1
GO	8884	0	1	22	96
GO	8885	0	1	22	96
GO	8888	0	7	22	90
GO	8892	0	6	22	91
GO	8893	22	97	0	0
GO	8894	22	96	0	1
GO	8897	22	95	0	2
GO	8899	22	96	0	1
GO	8902	0	16	22	81
GO	8905	0	5	22	92
GO	8907	22	97	0	0
GO	8909	21	95	1	2
GO	8914	21	96	1	1
GO	8915	22	96	0	1
GO	8920	22	97	0	0
GO	8921	0	1	22	96
GO	8923	1	2	21	95
GO	8924	0	1	22	96
GO	8925	0	3	22	94
GO	8928	0	5	22	92
GO	8930	22	97	0	0
GO	8932	22	97	0	0
GO	8933	22	97	0	0
GO	8934	22	96	0	1
GO	8935	22	95	0	2
GO	8939	22	95	0	2
GO	8940	22	97	0	0
GO	8941	8	50	14	47
GO	8942	0	1	22	96
GO	8946	22	97	0	0
GO	8948	22	97	0	0
GO	8951	0	7	22	90
GO	8955	22	97	0	0
GO	8959	22	96	0	1
GO	8961	22	36	0	61
GO	8962	22	96	0	1
GO	8963	22	97	0	0
GO	8964	22	96	0	1
GO	8965	22	97	0	0
GO	8966	22	97	0	0
GO	8967	22	97	0	0
GO	8968	0	3	22	94
GO	8973	22	95	0	2
GO	8976	20	43	2	54
GO	8977	22	96	0	1
GO	8979	10	17	12	80
GO	8982	22	95	0	2
GO	8983	18	42	4	55
GO	8984	22	95	0	2
GO	8986	20	97	2	0
GO	8987	22	97	0	0
GO	8988	22	97	0	0
GO	8989	22	96	0	1
GO	8990	22	97	0	0
GO	8995	21	95	1	2
GO	8996	22	97	0	0
GO	8997	22	97	0	0
GO	8998	22	97	0	0
GO	8999	21	97	1	0
GO	9000	22	97	0	0
GO	9002	22	97	0	0
GO	9007	22	97	0	0
GO	9008	22	97	0	0
GO	9009	22	97	0	0
GO	9011	22	75	0	22
GO	9014	22	97	0	0
GO	9015	22	96	0	1
GO	9016	22	96	0	1
GO	9017	22	97	0	0
GO	9019	22	96	0	1
GO	9020	0	65	22	32
GO	9022	22	96	0	1
GO	9026	0	2	22	95
GO	9029	22	97	0	0
GO	9030	21	97	1	0
GO	9032	22	97	0	0
GO	9033	22	62	0	35
GO	9036	22	96	0	1
GO	9037	22	97	0	0
GO	9039	0	2	22	95
GO	9041	22	97	0	0
GO	9042	0	26	22	71
GO	9045	0	9	22	88
GO	9052	22	97	0	0
GO	9055	22	97	0	0
GO	9056	22	97	0	0
GO	9057	22	97	0	0
GO	9058	22	97	0	0
GO	9059	22	97	0	0
GO	9060	22	97	0	0
GO	9061	22	97	0	0
GO	9062	22	97	0	0
GO	9063	22	97	0	0
GO	9064	22	97	0	0
GO	9065	22	97	0	0
GO	9066	22	97	0	0
GO	9067	22	97	0	0
GO	9068	22	97	0	0
GO	9069	22	97	0	0
GO	9070	22	97	0	0
GO	9071	22	97	0	0
GO	9072	22	97	0	0
GO	9073	22	97	0	0
GO	9074	22	96	0	1
GO	9078	22	97	0	0
GO	9079	22	95	0	2
GO	9080	22	97	0	0
GO	9081	22	97	0	0
GO	9082	22	97	0	0
GO	9084	22	97	0	0
GO	9085	22	97	0	0
GO	9086	22	97	0	0
GO	9088	22	97	0	0
GO	9089	22	97	0	0
GO	9090	22	97	0	0
GO	9092	22	97	0	0
GO	9093	22	97	0	0
GO	9094	22	97	0	0
GO	9095	22	97	0	0
GO	9097	22	97	0	0
GO	9098	22	97	0	0
GO	9099	22	96	0	1
GO	9100	22	97	0	0
GO	9101	22	97	0	0
GO	9102	22	97	0	0
GO	9103	22	97	0	0
GO	9106	22	97	0	0
GO	9107	22	97	0	0
GO	9108	22	97	0	0
GO	9110	22	97	0	0
GO	9112	22	97	0	0
GO	9113	22	97	0	0
GO	9114	0	7	22	90
GO	9116	22	97	0	0
GO	9117	22	97	0	0
GO	9119	22	97	0	0
GO	9120	22	97	0	0
GO	9123	22	97	0	0
GO	9124	22	97	0	0
GO	9125	22	97	0	0
GO	9126	22	97	0	0
GO	9127	22	97	0	0
GO	9129	22	97	0	0
GO	9130	22	97	0	0
GO	9131	22	97	0	0
GO	9132	22	97	0	0
GO	9133	22	97	0	0
GO	9135	22	97	0	0
GO	9136	21	96	1	1
GO	9138	22	96	0	1
GO	9139	22	96	0	1
GO	9141	22	97	0	0
GO	9142	22	97	0	0
GO	9143	22	97	0	0
GO	9144	22	97	0	0
GO	9145	22	97	0	0
GO	9146	22	97	0	0
GO	9147	22	97	0	0
GO	9148	22	97	0	0
GO	9149	22	97	0	0
GO	9150	22	97	0	0
GO	9151	22	97	0	0
GO	9152	22	97	0	0
GO	9155	22	97	0	0
GO	9156	22	97	0	0
GO	9157	22	97	0	0
GO	9158	22	97	0	0
GO	9161	22	97	0	0
GO	9162	22	97	0	0
GO	9163	22	97	0	0
GO	9164	22	97	0	0
GO	9165	22	97	0	0
GO	9166	22	97	0	0
GO	9167	22	97	0	0
GO	9168	22	97	0	0
GO	9173	22	97	0	0
GO	9174	22	97	0	0
GO	9175	22	97	0	0
GO	9176	22	96	0	1
GO	9177	22	96	0	1
GO	9179	22	97	0	0
GO	9180	21	96	1	1
GO	9185	22	97	0	0
GO	9186	22	96	0	1
GO	9187	22	94	0	3
GO	9188	21	96	1	1
GO	9189	22	96	0	1
GO	9190	22	94	0	3
GO	9196	22	96	0	1
GO	9197	22	96	0	1
GO	9199	22	97	0	0
GO	9200	22	97	0	0
GO	9201	22	97	0	0
GO	9202	22	96	0	1
GO	9203	22	97	0	0
GO	9204	22	97	0	0
GO	9205	22	97	0	0
GO	9206	22	97	0	0
GO	9208	22	97	0	0
GO	9209	22	97	0	0
GO	9210	22	97	0	0
GO	9211	22	97	0	0
GO	9212	22	96	0	1
GO	9213	22	97	0	0
GO	9214	22	6	0	91
GO	9215	22	97	0	0
GO	9217	22	97	0	0
GO	9218	22	97	0	0
GO	9219	22	97	0	0
GO	9220	22	97	0	0
GO	9221	22	97	0	0
GO	9222	22	97	0	0
GO	9223	22	97	0	0
GO	9224	22	97	0	0
GO	9225	22	97	0	0
GO	9226	22	97	0	0
GO	9228	22	97	0	0
GO	9229	21	97	1	0
GO	9231	22	97	0	0
GO	9233	22	97	0	0
GO	9234	22	97	0	0
GO	9235	22	97	0	0
GO	9236	22	97	0	0
GO	9237	0	1	22	96
GO	9238	0	1	22	96
GO	9239	0	1	22	96
GO	9240	22	97	0	0
GO	9242	3	30	19	67
GO	9243	2	19	20	78
GO	9244	22	97	0	0
GO	9245	22	97	0	0
GO	9246	11	32	11	65
GO	9247	22	97	0	0
GO	9249	22	97	0	0
GO	9250	22	97	0	0
GO	9251	0	30	22	67
GO	9252	22	97	0	0
GO	9253	22	97	0	0
GO	9254	22	97	0	0
GO	9256	22	96	0	1
GO	9257	22	96	0	1
GO	9259	22	97	0	0
GO	9260	22	97	0	0
GO	9261	22	97	0	0
GO	9262	22	97	0	0
GO	9263	22	97	0	0
GO	9264	22	97	0	0
GO	9265	22	97	0	0
GO	9266	22	97	0	0
GO	9267	22	97	0	0
GO	9268	22	97	0	0
GO	9271	21	97	1	0
GO	9272	0	2	22	95
GO	9273	22	97	0	0
GO	9274	22	97	0	0
GO	9276	22	97	0	0
GO	9279	22	97	0	0
GO	9288	22	97	0	0
GO	9289	14	50	8	47
GO	9292	0	4	22	93
GO	9294	0	4	22	93
GO	9295	22	97	0	0
GO	9297	22	97	0	0
GO	9305	22	97	0	0
GO	9306	22	97	0	0
GO	9308	22	97	0	0
GO	9309	22	97	0	0
GO	9310	0	19	22	78
GO	9311	22	97	0	0
GO	9312	22	97	0	0
GO	9313	0	28	22	69
GO	9314	22	97	0	0
GO	9316	22	96	0	1
GO	9318	22	97	0	0
GO	9319	21	56	1	41
GO	9321	22	96	0	1
GO	9322	22	62	0	35
GO	9324	0	3	22	94
GO	9325	22	86	0	11
GO	9326	22	35	0	62
GO	9328	22	95	0	2
GO	9330	22	97	0	0
GO	9331	0	4	22	93
GO	9333	22	97	0	0
GO	9337	22	97	0	0
GO	9338	22	97	0	0
GO	9344	0	1	22	96
GO	9350	0	1	22	96
GO	9355	19	78	3	19
GO	9358	20	43	2	54
GO	9360	22	97	0	0
GO	9361	22	96	0	1
GO	9366	0	1	22	96
GO	9372	22	97	0	0
GO	9374	22	97	0	0
GO	9376	22	97	0	0
GO	9378	22	97	0	0
GO	9379	22	97	0	0
GO	9380	22	97	0	0
GO	9381	22	97	0	0
GO	9382	22	97	0	0
GO	9383	22	97	0	0
GO	9384	0	5	22	92
GO	9392	22	97	0	0
GO	9394	22	97	0	0
GO	9395	0	1	22	96
GO	9396	22	97	0	0
GO	9401	22	97	0	0
GO	9403	22	97	0	0
GO	9404	22	97	0	0
GO	9405	22	97	0	0
GO	9407	22	94	0	3
GO	9408	22	97	0	0
GO	9409	22	97	0	0
GO	9410	21	95	1	2
GO	9411	22	97	0	0
GO	9415	0	4	22	93
GO	9416	22	97	0	0
GO	9420	22	95	0	2
GO	9421	22	95	0	2
GO	9423	22	97	0	0
GO	9424	22	97	0	0
GO	9425	22	97	0	0
GO	9432	22	97	0	0
GO	9435	22	97	0	0
GO	9436	0	37	22	60
GO	9437	0	22	22	75
GO	9438	22	97	0	0
GO	9439	0	8	22	89
GO	9440	0	8	22	89
GO	9442	0	3	22	94
GO	9443	22	97	0	0
GO	9445	22	97	0	0
GO	9446	22	97	0	0
GO	9447	0	2	22	95
GO	9448	22	53	0	44
GO	9450	22	53	0	44
GO	9451	22	97	0	0
GO	9486	21	56	1	41
GO	9507	0	1	22	96
GO	9532	0	1	22	96
GO	9536	0	1	22	96
GO	9547	0	1	22	96
GO	9570	0	1	22	96
GO	9593	0	1	22	96
GO	9597	0	7	22	90
GO	9605	22	97	0	0
GO	9607	22	97	0	0
GO	9615	22	97	0	0
GO	9617	0	2	22	95
GO	9620	0	1	22	96
GO	9628	22	97	0	0
GO	9635	0	4	22	93
GO	9636	22	97	0	0
GO	9651	22	97	0	0
GO	9653	1	4	21	93
GO	9675	22	96	0	1
GO	9712	0	1	22	96
GO	9713	0	1	22	96
GO	9719	22	97	0	0
GO	9725	0	1	22	96
GO	9737	0	1	22	96
GO	9738	0	1	22	96
GO	9755	0	1	22	96
GO	9787	0	1	22	96
GO	9788	0	1	22	96
GO	9790	0	1	22	96
GO	9847	0	1	22	96
GO	9850	0	2	22	95
GO	9852	0	2	22	95
GO	9888	0	1	22	96
GO	9889	22	97	0	0
GO	9890	22	97	0	0
GO	9891	22	97	0	0
GO	9892	22	97	0	0
GO	9893	22	97	0	0
GO	9894	22	97	0	0
GO	9895	22	97	0	0
GO	9896	22	97	0	0
GO	9897	22	97	0	0
GO	9898	22	97	0	0
GO	9927	21	97	1	0
GO	9966	0	2	22	95
GO	9967	0	1	22	96
GO	9968	0	1	22	96
GO	9970	22	96	0	1
GO	9972	22	96	0	1
GO	9975	22	94	0	3
GO	9977	22	97	0	0
GO	9982	22	97	0	0
GO	9986	22	97	0	0
GO	9987	22	97	0	0
GO	9991	22	97	0	0
GO	9992	22	95	0	2
GO	10008	0	1	22	96
GO	10033	22	97	0	0
GO	10035	22	97	0	0
GO	10038	22	97	0	0
GO	10039	22	78	0	19
GO	10041	0	3	22	94
GO	10043	0	6	22	91
GO	10106	22	97	0	0
GO	10124	0	2	22	95
GO	10139	22	83	0	14
GO	10165	22	97	0	0
GO	10167	22	95	0	2
GO	10181	22	97	0	0
GO	10212	22	97	0	0
GO	10225	0	1	22	96
GO	10226	22	97	0	0
GO	10243	22	97	0	0
GO	10257	0	1	22	96
GO	10259	0	1	22	96
GO	10272	22	65	0	32
GO	10273	22	59	0	38
GO	10312	0	2	22	95
GO	10326	0	10	22	87
GO	10332	22	97	0	0
GO	10340	22	97	0	0
GO	10350	22	29	0	68
GO	10383	0	2	22	95
GO	10385	22	96	0	1
GO	10447	2	15	20	82
GO	10466	22	91	0	6
GO	10467	22	97	0	0
GO	10468	22	97	0	0
GO	10469	0	1	22	96
GO	10487	0	16	22	81
GO	10498	22	96	0	1
GO	10499	1	0	21	97
GO	10501	22	97	0	0
GO	10528	21	97	1	0
GO	10556	22	97	0	0
GO	10557	22	97	0	0
GO	10558	22	97	0	0
GO	10562	22	97	0	0
GO	10563	22	97	0	0
GO	10564	22	97	0	0
GO	10565	22	97	0	0
GO	10604	22	97	0	0
GO	10605	22	97	0	0
GO	10608	22	97	0	0
GO	10628	22	97	0	0
GO	10629	22	97	0	0
GO	10639	22	96	0	1
GO	10646	0	2	22	95
GO	10647	0	1	22	96
GO	10648	0	1	22	96
GO	10675	22	97	0	0
GO	10676	22	95	0	2
GO	10677	22	94	0	3
GO	10699	22	97	0	0
GO	10755	0	43	22	54
GO	10756	0	43	22	54
GO	10810	22	97	0	0
GO	10817	0	2	22	95
GO	10876	22	97	0	0
GO	10906	22	97	0	0
GO	10907	22	95	0	2
GO	10911	22	96	0	1
GO	10921	1	27	21	70
GO	10941	0	1	22	96
GO	10948	22	97	0	0
GO	10951	22	91	0	6
GO	10954	0	43	22	54
GO	10958	22	96	0	1
GO	10962	22	94	0	3
GO	10966	22	97	0	0
GO	10974	22	97	0	0
GO	10981	0	1	22	96
GO	12501	22	97	0	0
GO	12505	1	1	21	96
GO	14070	22	97	0	0
GO	15002	21	58	1	39
GO	15020	0	1	22	96
GO	15031	22	97	0	0
GO	15035	22	97	0	0
GO	15036	22	97	0	0
GO	15037	22	96	0	1
GO	15038	22	96	0	1
GO	15044	0	35	22	62
GO	15046	0	1	22	96
GO	15074	22	97	0	0
GO	15075	22	97	0	0
GO	15077	22	97	0	0
GO	15078	22	97	0	0
GO	15079	22	97	0	0
GO	15080	22	59	0	38
GO	15081	22	97	0	0
GO	15085	0	61	22	36
GO	15086	22	97	0	0
GO	15087	22	96	0	1
GO	15093	22	97	0	0
GO	15094	0	2	22	95
GO	15095	22	96	0	1
GO	15098	22	27	0	70
GO	15099	22	96	0	1
GO	15101	22	97	0	0
GO	15103	22	97	0	0
GO	15104	2	15	20	82
GO	15105	2	15	20	82
GO	15114	22	97	0	0
GO	15116	22	97	0	0
GO	15123	22	81	0	16
GO	15128	0	4	22	93
GO	15133	0	1	22	96
GO	15134	0	1	22	96
GO	15138	22	90	0	7
GO	15141	22	90	0	7
GO	15144	22	97	0	0
GO	15145	18	28	4	69
GO	15146	0	17	22	80
GO	15148	0	5	22	92
GO	15171	22	97	0	0
GO	15172	22	61	0	36
GO	15173	22	97	0	0
GO	15174	0	13	22	84
GO	15175	22	97	0	0
GO	15179	22	97	0	0
GO	15181	0	12	22	85
GO	15183	22	61	0	36
GO	15184	21	44	1	53
GO	15188	0	1	22	96
GO	15189	0	1	22	96
GO	15190	0	2	22	95
GO	15191	22	91	0	6
GO	15192	0	6	22	91
GO	15195	0	18	22	79
GO	15196	22	97	0	0
GO	15199	0	3	22	94
GO	15203	22	97	0	0
GO	15205	22	95	0	2
GO	15207	0	8	22	89
GO	15210	22	94	0	3
GO	15212	0	1	22	96
GO	15213	0	1	22	96
GO	15214	0	1	22	96
GO	15220	0	3	22	94
GO	15221	22	97	0	0
GO	15226	0	17	22	80
GO	15232	21	94	1	3
GO	15233	0	19	22	78
GO	15238	22	97	0	0
GO	15250	22	50	0	47
GO	15267	22	97	0	0
GO	15288	22	97	0	0
GO	15291	22	97	0	0
GO	15292	0	3	22	94
GO	15293	22	97	0	0
GO	15294	22	97	0	0
GO	15295	22	97	0	0
GO	15296	22	96	0	1
GO	15297	22	97	0	0
GO	15298	22	97	0	0
GO	15299	22	97	0	0
GO	15307	0	3	22	94
GO	15318	22	97	0	0
GO	15333	22	45	0	52
GO	15341	22	97	0	0
GO	15355	22	81	0	16
GO	15360	22	81	0	16
GO	15368	0	61	22	36
GO	15370	22	96	0	1
GO	15385	22	97	0	0
GO	15386	22	90	0	7
GO	15399	22	97	0	0
GO	15405	22	97	0	0
GO	15407	0	12	22	85
GO	15412	22	27	0	70
GO	15415	22	97	0	0
GO	15419	22	32	0	65
GO	15437	22	97	0	0
GO	15440	22	96	0	1
GO	15450	22	97	0	0
GO	15453	21	56	1	41
GO	15462	22	96	0	1
GO	15471	22	92	0	5
GO	15473	0	29	22	68
GO	15489	22	97	0	0
GO	15490	0	1	22	96
GO	15491	22	97	0	0
GO	15496	22	34	0	63
GO	15499	0	14	22	83
GO	15501	22	72	0	25
GO	15503	22	32	0	65
GO	15506	0	1	22	96
GO	15519	0	5	22	92
GO	15546	0	3	22	94
GO	15556	22	95	0	2
GO	15562	22	97	0	0
GO	15565	0	18	22	79
GO	15591	0	12	22	85
GO	15606	0	1	22	96
GO	15608	0	12	22	85
GO	15611	0	12	22	85
GO	15616	22	97	0	0
GO	15628	22	97	0	0
GO	15643	22	97	0	0
GO	15645	0	1	22	96
GO	15647	22	97	0	0
GO	15648	22	97	0	0
GO	15651	0	19	22	78
GO	15654	22	30	0	67
GO	15658	0	2	22	95
GO	15662	22	61	0	36
GO	15666	22	96	0	1
GO	15669	0	1	22	96
GO	15671	0	1	22	96
GO	15672	22	97	0	0
GO	15675	22	96	0	1
GO	15677	1	5	21	92
GO	15684	22	97	0	0
GO	15688	22	97	0	0
GO	15689	22	27	0	70
GO	15691	22	97	0	0
GO	15692	0	2	22	95
GO	15693	22	96	0	1
GO	15695	22	97	0	0
GO	15696	22	97	0	0
GO	15697	0	47	22	50
GO	15698	22	97	0	0
GO	15699	2	15	20	82
GO	15700	2	15	20	82
GO	15706	0	2	22	95
GO	15709	22	29	0	68
GO	15710	22	30	0	67
GO	15711	22	97	0	0
GO	15718	22	87	0	10
GO	15724	0	14	22	83
GO	15735	0	1	22	96
GO	15736	0	1	22	96
GO	15740	22	97	0	0
GO	15741	22	90	0	7
GO	15744	22	97	0	0
GO	15748	22	97	0	0
GO	15749	18	28	4	69
GO	15750	0	17	22	80
GO	15752	0	12	22	85
GO	15753	0	5	22	92
GO	15757	18	12	4	85
GO	15766	0	1	22	96
GO	15771	0	1	22	96
GO	15772	0	1	22	96
GO	15778	0	1	22	96
GO	15800	22	61	0	36
GO	15801	22	97	0	0
GO	15802	0	14	22	83
GO	15803	22	91	0	6
GO	15804	22	97	0	0
GO	15807	22	97	0	0
GO	15809	0	14	22	83
GO	15810	22	61	0	36
GO	15811	21	44	1	53
GO	15818	22	91	0	6
GO	15820	22	91	0	6
GO	15821	22	91	0	6
GO	15822	22	34	0	63
GO	15823	0	6	22	91
GO	15826	0	18	22	79
GO	15827	22	97	0	0
GO	15828	0	6	22	91
GO	15829	22	91	0	6
GO	15833	22	97	0	0
GO	15835	22	97	0	0
GO	15836	22	97	0	0
GO	15837	0	28	22	69
GO	15838	0	47	22	50
GO	15839	0	1	22	96
GO	15846	22	97	0	0
GO	15847	22	97	0	0
GO	15848	0	1	22	96
GO	15849	22	97	0	0
GO	15850	22	97	0	0
GO	15851	22	95	0	2
GO	15853	0	8	22	89
GO	15855	22	94	0	3
GO	15857	22	94	0	3
GO	15858	22	97	0	0
GO	15861	0	1	22	96
GO	15862	0	1	22	96
GO	15864	0	1	22	96
GO	15871	0	31	22	66
GO	15879	0	17	22	80
GO	15886	22	95	0	2
GO	15887	0	19	22	78
GO	15889	22	96	0	1
GO	15891	22	97	0	0
GO	15893	22	97	0	0
GO	15906	0	3	22	94
GO	15914	22	97	0	0
GO	15920	22	97	0	0
GO	15922	22	97	0	0
GO	15926	4	34	18	63
GO	15929	22	96	0	1
GO	15930	22	96	0	1
GO	15931	22	97	0	0
GO	15932	22	97	0	0
GO	15934	22	97	0	0
GO	15935	22	97	0	0
GO	15936	22	97	0	0
GO	15937	22	97	0	0
GO	15939	22	97	0	0
GO	15940	22	97	0	0
GO	15942	22	94	0	3
GO	15944	22	35	0	62
GO	15949	22	97	0	0
GO	15950	21	96	1	1
GO	15951	21	96	1	1
GO	15968	22	93	0	4
GO	15969	22	97	0	0
GO	15976	22	97	0	0
GO	15980	22	97	0	0
GO	15985	22	97	0	0
GO	15986	22	97	0	0
GO	15988	22	63	0	34
GO	15990	22	63	0	34
GO	16002	22	97	0	0
GO	16020	22	97	0	0
GO	16021	22	97	0	0
GO	16024	21	97	1	0
GO	16032	22	97	0	0
GO	16034	22	95	0	2
GO	16036	22	97	0	0
GO	16042	22	97	0	0
GO	16043	22	97	0	0
GO	16049	22	56	0	41
GO	16050	0	1	22	96
GO	16051	22	97	0	0
GO	16052	22	97	0	0
GO	16053	22	97	0	0
GO	16054	22	97	0	0
GO	16064	0	1	22	96
GO	16070	22	97	0	0
GO	16071	22	97	0	0
GO	16072	22	97	0	0
GO	16075	22	96	0	1
GO	16078	0	1	22	96
GO	16093	22	97	0	0
GO	16094	22	97	0	0
GO	16108	0	2	22	95
GO	16109	0	2	22	95
GO	16114	22	97	0	0
GO	16116	0	2	22	95
GO	16117	0	2	22	95
GO	16149	22	97	0	0
GO	16150	22	97	0	0
GO	16151	22	97	0	0
GO	16153	22	93	0	4
GO	16154	22	74	0	23
GO	16160	0	1	22	96
GO	16192	0	1	22	96
GO	16197	0	1	22	96
GO	16208	21	96	1	1
GO	16209	22	97	0	0
GO	16211	22	97	0	0
GO	16226	22	97	0	0
GO	16246	22	95	0	2
GO	16259	22	97	0	0
GO	16260	22	97	0	0
GO	16278	22	97	0	0
GO	16279	22	97	0	0
GO	16289	22	97	0	0
GO	16290	22	96	0	1
GO	16298	22	97	0	0
GO	16300	22	97	0	0
GO	16301	22	97	0	0
GO	16310	22	97	0	0
GO	16311	22	97	0	0
GO	16405	22	97	0	0
GO	16407	22	97	0	0
GO	16408	22	97	0	0
GO	16410	22	97	0	0
GO	16411	22	97	0	0
GO	16413	0	3	22	94
GO	16415	22	97	0	0
GO	16417	22	97	0	0
GO	16418	22	80	0	17
GO	16419	22	97	0	0
GO	16420	22	97	0	0
GO	16421	22	56	0	41
GO	16423	22	97	0	0
GO	16426	22	97	0	0
GO	16427	22	97	0	0
GO	16430	22	97	0	0
GO	16433	22	97	0	0
GO	16434	22	97	0	0
GO	16435	22	97	0	0
GO	16436	22	97	0	0
GO	16437	21	97	1	0
GO	16441	22	95	0	2
GO	16453	22	97	0	0
GO	16458	22	95	0	2
GO	16462	22	97	0	0
GO	16463	0	2	22	95
GO	16465	22	97	0	0
GO	16469	22	97	0	0
GO	16482	0	1	22	96
GO	16485	22	97	0	0
GO	16491	22	97	0	0
GO	16530	22	97	0	0
GO	16540	1	2	21	95
GO	16553	21	97	1	0
GO	16556	22	97	0	0
GO	16567	0	3	22	94
GO	16597	22	97	0	0
GO	16598	21	96	1	1
GO	16614	22	97	0	0
GO	16615	22	97	0	0
GO	16616	22	97	0	0
GO	16620	22	97	0	0
GO	16624	22	96	0	1
GO	16627	22	97	0	0
GO	16628	22	97	0	0
GO	16634	22	97	0	0
GO	16635	22	97	0	0
GO	16638	22	97	0	0
GO	16639	22	96	0	1
GO	16641	22	97	0	0
GO	16642	22	97	0	0
GO	16645	22	97	0	0
GO	16646	22	97	0	0
GO	16651	22	97	0	0
GO	16652	22	54	0	43
GO	16655	22	97	0	0
GO	16657	22	97	0	0
GO	16661	22	97	0	0
GO	16662	22	85	0	12
GO	16667	22	97	0	0
GO	16668	22	97	0	0
GO	16669	22	71	0	26
GO	16671	22	97	0	0
GO	16672	21	97	1	0
GO	16673	22	97	0	0
GO	16675	21	97	1	0
GO	16676	0	2	22	95
GO	16679	22	97	0	0
GO	16682	22	96	0	1
GO	16684	22	97	0	0
GO	16695	0	1	22	96
GO	16701	22	96	0	1
GO	16702	22	96	0	1
GO	16705	22	97	0	0
GO	16706	22	93	0	4
GO	16708	8	50	14	47
GO	16709	0	1	22	96
GO	16713	0	6	22	91
GO	16714	22	95	0	2
GO	16721	22	96	0	1
GO	16722	22	97	0	0
GO	16724	22	97	0	0
GO	16725	22	97	0	0
GO	16726	0	8	22	89
GO	16728	22	97	0	0
GO	16730	22	97	0	0
GO	16731	22	97	0	0
GO	16740	22	97	0	0
GO	16741	22	97	0	0
GO	16742	22	97	0	0
GO	16743	22	97	0	0
GO	16744	22	97	0	0
GO	16746	22	97	0	0
GO	16747	22	97	0	0
GO	16748	22	97	0	0
GO	16749	22	97	0	0
GO	16750	22	96	0	1
GO	16751	22	97	0	0
GO	16755	22	97	0	0
GO	16757	22	97	0	0
GO	16758	22	97	0	0
GO	16763	22	97	0	0
GO	16765	22	97	0	0
GO	16769	22	97	0	0
GO	16772	22	97	0	0
GO	16773	22	97	0	0
GO	16774	22	97	0	0
GO	16775	22	97	0	0
GO	16776	22	97	0	0
GO	16778	22	97	0	0
GO	16779	22	97	0	0
GO	16780	22	97	0	0
GO	16781	22	97	0	0
GO	16782	22	97	0	0
GO	16783	22	97	0	0
GO	16785	22	91	0	6
GO	16787	22	97	0	0
GO	16788	22	97	0	0
GO	16790	22	97	0	0
GO	16791	22	97	0	0
GO	16793	22	97	0	0
GO	16794	22	97	0	0
GO	16796	22	97	0	0
GO	16798	22	97	0	0
GO	16799	22	97	0	0
GO	16801	0	3	22	94
GO	16802	0	1	22	96
GO	16803	0	2	22	95
GO	16805	22	97	0	0
GO	16807	22	96	0	1
GO	16810	22	97	0	0
GO	16811	22	97	0	0
GO	16812	22	95	0	2
GO	16813	22	97	0	0
GO	16814	22	97	0	0
GO	16817	22	97	0	0
GO	16818	22	97	0	0
GO	16822	0	5	22	92
GO	16823	0	5	22	92
GO	16829	22	97	0	0
GO	16830	22	97	0	0
GO	16831	22	97	0	0
GO	16832	22	97	0	0
GO	16833	22	97	0	0
GO	16835	22	97	0	0
GO	16836	22	97	0	0
GO	16838	22	97	0	0
GO	16840	22	97	0	0
GO	16841	22	97	0	0
GO	16842	22	94	0	3
GO	16846	22	97	0	0
GO	16849	22	97	0	0
GO	16853	22	97	0	0
GO	16854	22	97	0	0
GO	16855	22	97	0	0
GO	16856	22	97	0	0
GO	16857	22	97	0	0
GO	16859	22	97	0	0
GO	16860	22	97	0	0
GO	16861	22	97	0	0
GO	16862	22	97	0	0
GO	16863	22	97	0	0
GO	16864	22	97	0	0
GO	16866	22	97	0	0
GO	16868	22	97	0	0
GO	16869	22	97	0	0
GO	16874	22	97	0	0
GO	16875	22	97	0	0
GO	16877	22	97	0	0
GO	16878	22	97	0	0
GO	16879	22	97	0	0
GO	16880	22	97	0	0
GO	16881	22	97	0	0
GO	16882	22	97	0	0
GO	16884	22	97	0	0
GO	16885	22	56	0	41
GO	16886	22	97	0	0
GO	16887	22	97	0	0
GO	16888	22	97	0	0
GO	16889	22	97	0	0
GO	16891	22	97	0	0
GO	16892	22	96	0	1
GO	16893	22	97	0	0
GO	16894	22	97	0	0
GO	16895	22	97	0	0
GO	16896	22	97	0	0
GO	16898	0	3	22	94
GO	16901	0	38	22	59
GO	16903	22	97	0	0
GO	16966	0	10	22	87
GO	16979	22	97	0	0
GO	16987	22	97	0	0
GO	16989	22	97	0	0
GO	16992	22	97	0	0
GO	16997	0	1	22	96
GO	16998	22	94	0	3
GO	16999	22	97	0	0
GO	17000	22	97	0	0
GO	17001	22	97	0	0
GO	17003	22	95	0	2
GO	17004	22	97	0	0
GO	17006	22	95	0	2
GO	17013	22	96	0	1
GO	17016	0	1	22	96
GO	17038	22	97	0	0
GO	17053	22	97	0	0
GO	17076	22	97	0	0
GO	17089	22	97	0	0
GO	17108	22	96	0	1
GO	17110	22	97	0	0
GO	17111	22	97	0	0
GO	17116	22	97	0	0
GO	17117	22	97	0	0
GO	17118	0	1	22	96
GO	17137	0	1	22	96
GO	17144	22	97	0	0
GO	17148	22	97	0	0
GO	17150	22	97	0	0
GO	17151	21	95	1	2
GO	17153	22	96	0	1
GO	17169	22	97	0	0
GO	17171	22	97	0	0
GO	17189	21	97	1	0
GO	18011	22	97	0	0
GO	18012	22	97	0	0
GO	18022	22	97	0	0
GO	18023	22	97	0	0
GO	18063	22	95	0	2
GO	18065	22	97	0	0
GO	18070	22	95	0	2
GO	18104	22	65	0	32
GO	18105	21	96	1	1
GO	18106	22	97	0	0
GO	18108	2	7	20	90
GO	18117	3	11	19	86
GO	18130	22	97	0	0
GO	18131	22	97	0	0
GO	18149	0	4	22	93
GO	18153	0	4	22	93
GO	18160	22	97	0	0
GO	18169	22	69	0	28
GO	18175	3	11	19	86
GO	18189	0	5	22	92
GO	18193	22	97	0	0
GO	18194	22	97	0	0
GO	18195	22	95	0	2
GO	18197	22	95	0	2
GO	18198	22	97	0	0
GO	18199	0	4	22	93
GO	18202	22	97	0	0
GO	18205	22	97	0	0
GO	18206	22	97	0	0
GO	18208	22	97	0	0
GO	18209	22	97	0	0
GO	18212	2	12	20	85
GO	18215	22	95	0	2
GO	18246	0	1	22	96
GO	18247	0	1	22	96
GO	18249	22	86	0	11
GO	18262	0	4	22	93
GO	18271	22	97	0	0
GO	18277	19	19	3	78
GO	18282	22	97	0	0
GO	18283	22	97	0	0
GO	18293	22	96	0	1
GO	18298	22	82	0	15
GO	18307	22	96	0	1
GO	18335	1	0	21	97
GO	18339	22	95	0	2
GO	18345	1	0	21	97
GO	18364	21	97	1	0
GO	18378	0	0	22	97
GO	18393	22	95	0	2
GO	18394	22	97	0	0
GO	18410	22	69	0	28
GO	18455	0	15	22	82
GO	18545	22	45	0	52
GO	18685	0	6	22	91
GO	18741	0	2	22	95
GO	18756	0	6	22	91
GO	18909	0	2	22	95
GO	18918	0	1	22	96
GO	18958	0	2	22	95
GO	18973	22	45	0	52
GO	18974	22	45	0	52
GO	18995	3	4	19	93
GO	19001	22	97	0	0
GO	19003	22	97	0	0
GO	19012	12	23	10	74
GO	19015	10	17	12	80
GO	19028	0	2	22	95
GO	19038	10	17	12	80
GO	19042	22	96	0	1
GO	19043	10	17	12	80
GO	19045	22	96	0	1
GO	19046	22	96	0	1
GO	19048	4	31	18	66
GO	19058	22	97	0	0
GO	19062	0	1	22	96
GO	19068	22	97	0	0
GO	19072	0	1	22	96
GO	19073	0	1	22	96
GO	19076	4	31	18	66
GO	19080	0	1	22	96
GO	19083	0	1	22	96
GO	19103	22	97	0	0
GO	19104	22	97	0	0
GO	19134	22	97	0	0
GO	19136	22	97	0	0
GO	19143	22	97	0	0
GO	19144	22	97	0	0
GO	19146	22	97	0	0
GO	19147	0	7	22	90
GO	19168	22	97	0	0
GO	19171	22	97	0	0
GO	19172	2	43	20	54
GO	19180	2	0	20	97
GO	19184	22	97	0	0
GO	19197	22	95	0	2
GO	19200	22	97	0	0
GO	19202	22	97	0	0
GO	19203	22	96	0	1
GO	19205	22	97	0	0
GO	19206	22	97	0	0
GO	19207	22	97	0	0
GO	19209	22	97	0	0
GO	19213	22	97	0	0
GO	19216	22	97	0	0
GO	19217	22	97	0	0
GO	19219	22	97	0	0
GO	19220	22	97	0	0
GO	19222	22	97	0	0
GO	19238	22	97	0	0
GO	19239	22	97	0	0
GO	19243	22	97	0	0
GO	19249	2	43	20	54
GO	19250	22	96	0	1
GO	19262	0	5	22	92
GO	19264	22	96	0	1
GO	19272	22	95	0	2
GO	19284	22	97	0	0
GO	19285	0	62	22	35
GO	19288	22	97	0	0
GO	19290	0	1	22	96
GO	19294	22	97	0	0
GO	19299	0	2	22	95
GO	19300	0	2	22	95
GO	19303	22	74	0	23
GO	19305	0	2	22	95
GO	19318	22	97	0	0
GO	19319	22	97	0	0
GO	19320	22	97	0	0
GO	19321	22	97	0	0
GO	19323	22	96	0	1
GO	19324	18	12	4	85
GO	19326	22	45	0	52
GO	19336	0	1	22	96
GO	19344	22	97	0	0
GO	19353	22	97	0	0
GO	19355	22	97	0	0
GO	19359	22	97	0	0
GO	19362	22	97	0	0
GO	19363	22	97	0	0
GO	19365	22	97	0	0
GO	19377	0	1	22	96
GO	19379	22	96	0	1
GO	19388	22	97	0	0
GO	19392	0	1	22	96
GO	19394	0	1	22	96
GO	19395	22	97	0	0
GO	19396	0	1	22	96
GO	19400	22	97	0	0
GO	19405	22	97	0	0
GO	19413	22	96	0	1
GO	19417	22	97	0	0
GO	19419	22	97	0	0
GO	19427	22	97	0	0
GO	19430	22	96	0	1
GO	19438	22	97	0	0
GO	19439	22	97	0	0
GO	19441	0	17	22	80
GO	19442	0	17	22	80
GO	19448	22	97	0	0
GO	19450	22	97	0	0
GO	19464	22	97	0	0
GO	19477	22	53	0	44
GO	19478	22	96	0	1
GO	19509	22	97	0	0
GO	19516	0	3	22	94
GO	19520	22	97	0	0
GO	19521	22	97	0	0
GO	19523	0	22	22	75
GO	19538	22	97	0	0
GO	19540	0	1	22	96
GO	19541	22	97	0	0
GO	19542	22	96	0	1
GO	19543	22	97	0	0
GO	19546	0	4	22	93
GO	19563	22	97	0	0
GO	19566	18	12	4	85
GO	19568	18	12	4	85
GO	19569	18	12	4	85
GO	19572	18	12	4	85
GO	19577	0	1	22	96
GO	19579	0	1	22	96
GO	19580	0	1	22	96
GO	19583	0	8	22	89
GO	19584	0	8	22	89
GO	19585	0	1	22	96
GO	19586	0	3	22	94
GO	19588	0	7	22	90
GO	19626	22	97	0	0
GO	19627	22	97	0	0
GO	19628	0	1	22	96
GO	19629	22	97	0	0
GO	19632	22	97	0	0
GO	19634	20	29	2	68
GO	19637	22	97	0	0
GO	19645	22	81	0	16
GO	19646	22	97	0	0
GO	19660	22	93	0	4
GO	19662	0	7	22	90
GO	19664	22	93	0	4
GO	19666	22	93	0	4
GO	19674	22	97	0	0
GO	19676	22	97	0	0
GO	19679	22	97	0	0
GO	19682	22	97	0	0
GO	19686	22	97	0	0
GO	19692	22	97	0	0
GO	19693	22	97	0	0
GO	19695	0	62	22	35
GO	19698	0	3	22	94
GO	19720	22	97	0	0
GO	19724	0	1	22	96
GO	19725	22	97	0	0
GO	19730	0	1	22	96
GO	19740	22	97	0	0
GO	19747	22	91	0	6
GO	19748	22	97	0	0
GO	19751	22	97	0	0
GO	19752	22	97	0	0
GO	19787	0	3	22	94
GO	19805	22	97	0	0
GO	19825	0	10	22	87
GO	19826	0	9	22	88
GO	19829	22	97	0	0
GO	19835	22	96	0	1
GO	19836	22	96	0	1
GO	19842	22	97	0	0
GO	19843	22	97	0	0
GO	19852	18	12	4	85
GO	19856	22	97	0	0
GO	19858	0	18	22	79
GO	19859	21	94	1	3
GO	19860	22	94	0	3
GO	19866	0	2	22	95
GO	19867	22	97	0	0
GO	19877	22	97	0	0
GO	19887	22	97	0	0
GO	19897	22	97	0	0
GO	19898	22	97	0	0
GO	19899	22	97	0	0
GO	19904	22	97	0	0
GO	19941	21	96	1	1
GO	19953	0	3	22	94
GO	19954	22	97	0	0
GO	19985	22	97	0	0
GO	19988	21	96	1	1
GO	19992	1	0	21	97
GO	20002	0	1	22	96
GO	20037	22	97	0	0
GO	21549	0	1	22	96
GO	22037	0	1	22	96
GO	22402	22	97	0	0
GO	22411	22	97	0	0
GO	22412	0	1	22	96
GO	22413	0	2	22	95
GO	22414	22	97	0	0
GO	22417	22	97	0	0
GO	22602	0	1	22	96
GO	22603	22	97	0	0
GO	22604	22	97	0	0
GO	22605	0	1	22	96
GO	22607	22	97	0	0
GO	22610	22	97	0	0
GO	22611	22	97	0	0
GO	22613	22	97	0	0
GO	22616	22	97	0	0
GO	22618	22	97	0	0
GO	22623	1	0	21	97
GO	22624	1	0	21	97
GO	22625	22	97	0	0
GO	22626	22	97	0	0
GO	22627	22	97	0	0
GO	22803	22	97	0	0
GO	22804	22	97	0	0
GO	22821	22	97	0	0
GO	22829	22	97	0	0
GO	22836	22	97	0	0
GO	22838	22	97	0	0
GO	22853	22	97	0	0
GO	22857	22	97	0	0
GO	22883	22	97	0	0
GO	22884	22	97	0	0
GO	22889	0	3	22	94
GO	22890	22	97	0	0
GO	22898	22	97	0	0
GO	22900	22	97	0	0
GO	22904	22	97	0	0
GO	23014	22	97	0	0
GO	23051	0	2	22	95
GO	23052	22	97	0	0
GO	23056	0	1	22	96
GO	23057	0	1	22	96
GO	30001	22	97	0	0
GO	30002	22	97	0	0
GO	30003	22	97	0	0
GO	30004	22	97	0	0
GO	30029	0	3	22	94
GO	30030	22	97	0	0
GO	30031	22	97	0	0
GO	30036	0	3	22	94
GO	30042	0	3	22	94
GO	30091	22	97	0	0
GO	30097	0	1	22	96
GO	30098	0	1	22	96
GO	30100	0	1	22	96
GO	30104	22	95	0	2
GO	30145	22	97	0	0
GO	30149	0	1	22	96
GO	30151	22	95	0	2
GO	30153	9	4	13	93
GO	30154	0	3	22	94
GO	30155	22	97	0	0
GO	30162	22	97	0	0
GO	30163	22	97	0	0
GO	30164	22	96	0	1
GO	30166	1	0	21	97
GO	30170	22	97	0	0
GO	30174	22	97	0	0
GO	30183	0	1	22	96
GO	30198	0	1	22	96
GO	30203	22	97	0	0
GO	30204	1	0	21	97
GO	30206	1	0	21	97
GO	30217	0	1	22	96
GO	30234	22	97	0	0
GO	30243	0	12	22	85
GO	30244	0	1	22	96
GO	30245	0	11	22	86
GO	30246	18	23	4	74
GO	30247	0	1	22	96
GO	30258	22	97	0	0
GO	30260	22	97	0	0
GO	30261	1	0	21	97
GO	30272	22	96	0	1
GO	30288	22	97	0	0
GO	30295	22	97	0	0
GO	30307	0	1	22	96
GO	30308	3	4	19	93
GO	30312	22	97	0	0
GO	30313	22	97	0	0
GO	30320	22	97	0	0
GO	30330	0	1	22	96
GO	30337	22	97	0	0
GO	30366	22	97	0	0
GO	30371	22	97	0	0
GO	30388	22	96	0	1
GO	30414	22	91	0	6
GO	30420	0	1	22	96
GO	30423	22	95	0	2
GO	30427	0	2	22	95
GO	30428	22	97	0	0
GO	30429	0	4	22	93
GO	30430	3	3	19	94
GO	30435	0	2	22	95
GO	30436	0	1	22	96
GO	30437	0	2	22	95
GO	30488	22	97	0	0
GO	30490	22	97	0	0
GO	30496	0	1	22	96
GO	30497	22	97	0	0
GO	30509	0	1	22	96
GO	30523	22	80	0	17
GO	30541	22	97	0	0
GO	30545	0	1	22	96
GO	30551	22	97	0	0
GO	30554	22	97	0	0
GO	30572	8	65	14	32
GO	30580	22	97	0	0
GO	30604	22	97	0	0
GO	30611	0	3	22	94
GO	30613	0	4	22	93
GO	30614	0	3	22	94
GO	30632	22	95	0	2
GO	30641	22	97	0	0
GO	30643	22	97	0	0
GO	30674	22	97	0	0
GO	30677	21	96	1	1
GO	30681	21	96	1	1
GO	30695	22	97	0	0
GO	30696	22	97	0	0
GO	30697	22	97	0	0
GO	30808	0	6	22	91
GO	30809	0	6	22	91
GO	30855	0	1	22	96
GO	30880	22	97	0	0
GO	30894	22	97	0	0
GO	30902	0	1	22	96
GO	30955	22	97	0	0
GO	30961	22	95	0	2
GO	30964	22	97	0	0
GO	30973	22	27	0	70
GO	30976	22	97	0	0
GO	30978	0	27	22	70
GO	30980	0	27	22	70
GO	30983	22	96	0	1
GO	31004	0	12	22	85
GO	31047	22	95	0	2
GO	31071	22	97	0	0
GO	31090	1	3	21	94
GO	31118	22	97	0	0
GO	31119	22	97	0	0
GO	31123	22	97	0	0
GO	31124	22	97	0	0
GO	31125	1	1	21	96
GO	31160	0	1	22	96
GO	31162	22	96	0	1
GO	31163	22	97	0	0
GO	31167	22	97	0	0
GO	31177	21	96	1	1
GO	31224	22	97	0	0
GO	31225	21	97	1	0
GO	31226	22	97	0	0
GO	31230	22	97	0	0
GO	31232	22	86	0	11
GO	31233	22	97	0	0
GO	31234	22	97	0	0
GO	31235	22	96	0	1
GO	31236	22	86	0	11
GO	31237	21	95	1	2
GO	31241	22	97	0	0
GO	31246	22	97	0	0
GO	31248	0	3	22	94
GO	31249	22	97	0	0
GO	31250	22	97	0	0
GO	31253	0	0	22	97
GO	31267	0	1	22	96
GO	31297	22	97	0	0
GO	31323	22	97	0	0
GO	31324	22	97	0	0
GO	31325	22	97	0	0
GO	31326	22	97	0	0
GO	31327	22	97	0	0
GO	31328	22	97	0	0
GO	31329	22	97	0	0
GO	31330	22	97	0	0
GO	31331	22	97	0	0
GO	31333	22	97	0	0
GO	31334	22	97	0	0
GO	31347	0	1	22	96
GO	31349	0	1	22	96
GO	31365	22	97	0	0
GO	31399	22	97	0	0
GO	31400	19	43	3	54
GO	31401	22	97	0	0
GO	31402	22	97	0	0
GO	31403	22	96	0	1
GO	31404	22	96	0	1
GO	31405	22	97	0	0
GO	31406	22	97	0	0
GO	31410	1	1	21	96
GO	31419	22	96	0	1
GO	31420	22	97	0	0
GO	31421	22	96	0	1
GO	31437	0	8	22	89
GO	31439	0	8	22	89
GO	31455	0	62	22	35
GO	31456	0	62	22	35
GO	31460	0	31	22	66
GO	31469	0	1	22	96
GO	31471	0	1	22	96
GO	31522	22	97	0	0
GO	31554	22	97	0	0
GO	31564	22	97	0	0
GO	31589	22	97	0	0
GO	31597	22	97	0	0
GO	31625	0	2	22	95
GO	31640	22	97	0	0
GO	31647	22	97	0	0
GO	31648	22	95	0	2
GO	31667	22	97	0	0
GO	31668	22	97	0	0
GO	31669	22	97	0	0
GO	31670	22	96	0	1
GO	31966	0	2	22	95
GO	31967	0	2	22	95
GO	31974	22	97	0	0
GO	31975	22	97	0	0
GO	31981	22	97	0	0
GO	31982	1	1	21	96
GO	31984	1	1	21	96
GO	32026	22	96	0	1
GO	32048	8	65	14	32
GO	32049	8	65	14	32
GO	32055	22	90	0	7
GO	32067	0	4	22	93
GO	32069	22	97	0	0
GO	32074	22	97	0	0
GO	32101	19	44	3	53
GO	32102	1	0	21	97
GO	32103	0	1	22	96
GO	32135	0	2	22	95
GO	32136	22	96	0	1
GO	32147	22	97	0	0
GO	32150	22	97	0	0
GO	32153	22	97	0	0
GO	32155	0	1	22	96
GO	32194	22	97	0	0
GO	32196	6	15	16	82
GO	32259	22	97	0	0
GO	32261	22	96	0	1
GO	32262	22	83	0	14
GO	32263	22	96	0	1
GO	32264	22	96	0	1
GO	32265	0	5	22	92
GO	32267	22	97	0	0
GO	32268	22	97	0	0
GO	32269	22	97	0	0
GO	32270	22	97	0	0
GO	32271	22	97	0	0
GO	32272	22	97	0	0
GO	32296	22	97	0	0
GO	32297	22	97	0	0
GO	32298	22	97	0	0
GO	32299	22	96	0	1
GO	32300	22	97	0	0
GO	32324	22	97	0	0
GO	32329	22	96	0	1
GO	32359	22	96	0	1
GO	32386	22	97	0	0
GO	32392	22	97	0	0
GO	32409	22	97	0	0
GO	32410	22	97	0	0
GO	32412	22	97	0	0
GO	32413	22	97	0	0
GO	32446	0	3	22	94
GO	32448	0	2	22	95
GO	32459	22	95	0	2
GO	32462	22	95	0	2
GO	32465	22	97	0	0
GO	32466	22	97	0	0
GO	32501	0	2	22	95
GO	32502	22	97	0	0
GO	32504	0	1	22	96
GO	32505	22	97	0	0
GO	32506	22	97	0	0
GO	32507	0	1	22	96
GO	32508	22	97	0	0
GO	32535	22	97	0	0
GO	32549	22	97	0	0
GO	32550	22	97	0	0
GO	32551	22	97	0	0
GO	32552	22	97	0	0
GO	32553	22	97	0	0
GO	32554	22	97	0	0
GO	32555	22	97	0	0
GO	32556	22	97	0	0
GO	32557	22	97	0	0
GO	32558	22	97	0	0
GO	32559	22	97	0	0
GO	32560	22	97	0	0
GO	32561	22	97	0	0
GO	32564	22	97	0	0
GO	32567	22	97	0	0
GO	32588	1	0	21	97
GO	32649	0	1	22	96
GO	32653	0	1	22	96
GO	32677	0	1	22	96
GO	32680	0	1	22	96
GO	32717	0	1	22	96
GO	32720	0	1	22	96
GO	32729	0	1	22	96
GO	32733	0	1	22	96
GO	32774	22	97	0	0
GO	32775	22	97	0	0
GO	32776	0	10	22	87
GO	32780	22	96	0	1
GO	32781	22	96	0	1
GO	32784	22	96	0	1
GO	32787	22	97	0	0
GO	32790	21	97	1	0
GO	32794	21	96	1	1
GO	32843	22	97	0	0
GO	32870	0	1	22	96
GO	32879	22	97	0	0
GO	32880	22	97	0	0
GO	32881	22	97	0	0
GO	32885	22	94	0	3
GO	32890	22	96	0	1
GO	32892	22	96	0	1
GO	32940	22	97	0	0
GO	32950	22	31	0	66
GO	32951	22	31	0	66
GO	32954	22	97	0	0
GO	32955	22	97	0	0
GO	32973	22	97	0	0
GO	32977	22	97	0	0
GO	32978	22	97	0	0
GO	32981	0	1	22	96
GO	32984	22	97	0	0
GO	32988	21	97	1	0
GO	32989	1	2	21	95
GO	32991	22	97	0	0
GO	32993	22	97	0	0
GO	32995	0	1	22	96
GO	32996	0	1	22	96
GO	33013	22	97	0	0
GO	33014	22	97	0	0
GO	33036	22	97	0	0
GO	33043	22	96	0	1
GO	33044	22	96	0	1
GO	33051	20	26	2	71
GO	33094	0	2	22	95
GO	33108	0	1	22	96
GO	33120	21	94	1	3
GO	33157	22	97	0	0
GO	33177	22	97	0	0
GO	33178	22	97	0	0
GO	33194	22	97	0	0
GO	33195	22	96	0	1
GO	33202	22	97	0	0
GO	33212	22	96	0	1
GO	33214	22	96	0	1
GO	33218	22	97	0	0
GO	33220	22	96	0	1
GO	33228	22	97	0	0
GO	33229	21	44	1	53
GO	33238	22	97	0	0
GO	33241	22	97	0	0
GO	33256	0	1	22	96
GO	33257	0	1	22	96
GO	33281	22	97	0	0
GO	33293	22	97	0	0
GO	33317	22	97	0	0
GO	33345	22	95	0	2
GO	33353	22	97	0	0
GO	33359	22	96	0	1
GO	33365	22	97	0	0
GO	33383	21	96	1	1
GO	33384	21	96	1	1
GO	33499	22	90	0	7
GO	33526	22	97	0	0
GO	33539	22	97	0	0
GO	33542	22	97	0	0
GO	33554	22	97	0	0
GO	33558	22	97	0	0
GO	33567	22	97	0	0
GO	33585	22	96	0	1
GO	33592	22	97	0	0
GO	33643	3	4	19	93
GO	33644	1	1	21	96
GO	33646	3	3	19	94
GO	33647	1	0	21	97
GO	33648	1	0	21	97
GO	33655	1	0	21	97
GO	33674	22	97	0	0
GO	33676	21	97	1	0
GO	33677	22	97	0	0
GO	33680	22	97	0	0
GO	33692	22	97	0	0
GO	33711	22	97	0	0
GO	33719	0	39	22	58
GO	33736	0	7	22	90
GO	33739	22	97	0	0
GO	33745	22	96	0	1
GO	33748	0	1	22	96
GO	33785	22	97	0	0
GO	33786	22	97	0	0
GO	33812	0	1	22	96
GO	33817	21	97	1	0
GO	33818	22	95	0	2
GO	33819	22	97	0	0
GO	33825	0	2	22	95
GO	33856	22	96	0	1
GO	33862	22	97	0	0
GO	33863	0	3	22	94
GO	33865	22	97	0	0
GO	33866	22	97	0	0
GO	33875	22	97	0	0
GO	33890	22	97	0	0
GO	33993	0	1	22	96
GO	34017	22	96	0	1
GO	34023	22	70	0	27
GO	34028	22	82	0	15
GO	34030	22	97	0	0
GO	34032	22	97	0	0
GO	34033	22	97	0	0
GO	34035	22	97	0	0
GO	34040	22	97	0	0
GO	34057	22	96	0	1
GO	34058	0	1	22	96
GO	34061	22	97	0	0
GO	34062	22	97	0	0
GO	34192	0	8	22	89
GO	34194	0	8	22	89
GO	34198	22	97	0	0
GO	34200	21	97	1	0
GO	34203	22	97	0	0
GO	34204	22	97	0	0
GO	34212	22	97	0	0
GO	34213	22	96	0	1
GO	34214	22	97	0	0
GO	34219	22	97	0	0
GO	34220	22	97	0	0
GO	34221	0	2	22	95
GO	34224	0	1	22	96
GO	34227	22	97	0	0
GO	34248	22	97	0	0
GO	34249	22	97	0	0
GO	34250	22	97	0	0
GO	34257	1	4	21	93
GO	34258	1	4	21	93
GO	34293	0	2	22	95
GO	34308	22	97	0	0
GO	34309	22	95	0	2
GO	34311	22	97	0	0
GO	34312	22	97	0	0
GO	34335	22	97	0	0
GO	34336	21	94	1	3
GO	34337	22	97	0	0
GO	34353	21	95	1	2
GO	34355	22	97	0	0
GO	34404	22	97	0	0
GO	34421	22	97	0	0
GO	34440	22	97	0	0
GO	34458	22	97	0	0
GO	34459	22	96	0	1
GO	34470	22	97	0	0
GO	34471	22	97	0	0
GO	34504	0	1	22	96
GO	34552	22	96	0	1
GO	34567	0	11	22	86
GO	34599	22	97	0	0
GO	34605	22	97	0	0
GO	34611	22	97	0	0
GO	34613	22	97	0	0
GO	34614	22	97	0	0
GO	34618	22	97	0	0
GO	34620	22	97	0	0
GO	34622	22	97	0	0
GO	34627	22	97	0	0
GO	34628	22	97	0	0
GO	34635	22	97	0	0
GO	34637	22	97	0	0
GO	34639	0	18	22	79
GO	34641	22	97	0	0
GO	34644	22	97	0	0
GO	34645	22	97	0	0
GO	34654	22	97	0	0
GO	34655	22	97	0	0
GO	34656	22	97	0	0
GO	34660	22	97	0	0
GO	34661	22	97	0	0
GO	34708	22	97	0	0
GO	34722	22	95	0	2
GO	34755	22	97	0	0
GO	34762	22	97	0	0
GO	34763	22	97	0	0
GO	34764	22	96	0	1
GO	34765	22	97	0	0
GO	34766	22	97	0	0
GO	34767	22	96	0	1
GO	34775	22	97	0	0
GO	34979	22	96	0	1
GO	34983	22	96	0	1
GO	34986	22	97	0	0
GO	35091	0	1	22	96
GO	35194	22	95	0	2
GO	35250	0	1	22	96
GO	35251	22	75	0	22
GO	35303	19	63	3	34
GO	35304	19	43	3	54
GO	35306	19	43	3	54
GO	35307	19	43	3	54
GO	35312	22	97	0	0
GO	35326	20	56	2	41
GO	35335	2	5	20	92
GO	35368	13	29	9	68
GO	35375	0	0	22	97
GO	35383	22	97	0	0
GO	35384	22	97	0	0
GO	35429	0	4	22	93
GO	35433	22	81	0	16
GO	35434	22	59	0	38
GO	35435	22	97	0	0
GO	35438	22	97	0	0
GO	35442	22	97	0	0
GO	35443	22	97	0	0
GO	35444	22	96	0	1
GO	35461	0	19	22	78
GO	35539	22	96	0	1
GO	35556	22	97	0	0
GO	35596	22	97	0	0
GO	35597	22	96	0	1
GO	35599	22	38	0	59
GO	35600	22	96	0	1
GO	35601	22	97	0	0
GO	35639	22	97	0	0
GO	35672	22	97	0	0
GO	35673	22	97	0	0
GO	35690	22	97	0	0
GO	35710	0	1	22	96
GO	35725	22	97	0	0
GO	35821	22	97	0	0
GO	35864	0	1	22	96
GO	35870	22	96	0	1
GO	35888	0	18	22	79
GO	35890	4	31	18	66
GO	35891	4	31	18	66
GO	35966	22	97	0	0
GO	35967	22	97	0	0
GO	35999	22	97	0	0
GO	36001	22	97	0	0
GO	36009	21	97	1	0
GO	36048	22	96	0	1
GO	36049	22	96	0	1
GO	36055	22	96	0	1
GO	36065	2	0	20	97
GO	36088	0	2	22	95
GO	36094	22	97	0	0
GO	36103	0	7	22	90
GO	36104	0	7	22	90
GO	36172	0	2	22	95
GO	36173	22	29	0	68
GO	36211	22	97	0	0
GO	36218	21	96	1	1
GO	36220	22	96	0	1
GO	36221	21	96	1	1
GO	36222	22	96	0	1
GO	36245	0	4	22	93
GO	36265	22	97	0	0
GO	36289	21	96	1	1
GO	36293	0	1	22	96
GO	36307	22	94	0	3
GO	36308	21	95	1	2
GO	36355	22	93	0	4
GO	36361	22	97	0	0
GO	36374	22	95	0	2
GO	36397	22	35	0	62
GO	36405	5	0	17	97
GO	36406	5	0	17	97
GO	36440	22	97	0	0
GO	36442	22	97	0	0
GO	36455	22	97	0	0
GO	36460	0	10	22	87
GO	36506	22	97	0	0
GO	36524	2	4	20	93
GO	36525	2	4	20	93
GO	38083	2	7	20	90
GO	39633	4	31	18	66
GO	39678	2	5	20	92
GO	39695	0	1	22	96
GO	40007	22	58	0	39
GO	40008	22	97	0	0
GO	40011	22	97	0	0
GO	40012	22	50	0	47
GO	40013	17	20	5	77
GO	40029	22	95	0	2
GO	40033	22	95	0	2
GO	42026	22	97	0	0
GO	42030	22	96	0	1
GO	42035	0	1	22	96
GO	42036	0	1	22	96
GO	42044	22	50	0	47
GO	42083	22	97	0	0
GO	42084	22	96	0	1
GO	42085	22	74	0	23
GO	42088	0	1	22	96
GO	42092	0	1	22	96
GO	42093	0	1	22	96
GO	42108	0	1	22	96
GO	42110	0	1	22	96
GO	42113	0	1	22	96
GO	42126	2	2	20	95
GO	42127	0	1	22	96
GO	42128	2	1	20	96
GO	42132	22	96	0	1
GO	42133	22	97	0	0
GO	42135	22	97	0	0
GO	42136	22	97	0	0
GO	42147	0	1	22	96
GO	42150	22	97	0	0
GO	42157	22	97	0	0
GO	42158	22	97	0	0
GO	42168	22	97	0	0
GO	42171	22	97	0	0
GO	42176	22	96	0	1
GO	42178	0	2	22	95
GO	42180	22	97	0	0
GO	42181	22	97	0	0
GO	42182	22	97	0	0
GO	42219	0	20	22	77
GO	42221	22	97	0	0
GO	42245	21	97	1	0
GO	42254	22	97	0	0
GO	42255	22	97	0	0
GO	42256	22	97	0	0
GO	42273	22	97	0	0
GO	42274	22	97	0	0
GO	42277	22	97	0	0
GO	42278	22	97	0	0
GO	42279	22	83	0	14
GO	42286	22	97	0	0
GO	42301	22	97	0	0
GO	42304	22	97	0	0
GO	42325	22	97	0	0
GO	42327	22	97	0	0
GO	42330	22	97	0	0
GO	42350	3	7	19	90
GO	42357	21	97	1	0
GO	42362	22	97	0	0
GO	42364	22	97	0	0
GO	42371	22	97	0	0
GO	42373	22	97	0	0
GO	42380	22	97	0	0
GO	42398	22	97	0	0
GO	42401	22	97	0	0
GO	42402	0	19	22	78
GO	42407	0	1	22	96
GO	42413	0	20	22	77
GO	42430	22	97	0	0
GO	42435	22	97	0	0
GO	42436	0	17	22	80
GO	42440	22	97	0	0
GO	42445	0	2	22	95
GO	42447	0	2	22	95
GO	42450	22	97	0	0
GO	42451	22	97	0	0
GO	42453	0	34	22	63
GO	42454	22	97	0	0
GO	42455	22	97	0	0
GO	42493	22	97	0	0
GO	42534	0	1	22	96
GO	42536	0	1	22	96
GO	42537	22	59	0	38
GO	42538	22	97	0	0
GO	42542	22	97	0	0
GO	42545	21	97	1	0
GO	42546	22	97	0	0
GO	42558	22	97	0	0
GO	42559	22	97	0	0
GO	42575	22	97	0	0
GO	42577	22	96	0	1
GO	42578	22	97	0	0
GO	42586	22	97	0	0
GO	42592	22	97	0	0
GO	42594	22	97	0	0
GO	42597	22	97	0	0
GO	42601	0	1	22	96
GO	42602	22	97	0	0
GO	42622	0	0	22	97
GO	42623	22	97	0	0
GO	42625	22	97	0	0
GO	42626	22	97	0	0
GO	42698	0	1	22	96
GO	42709	22	96	0	1
GO	42710	22	97	0	0
GO	42723	22	97	0	0
GO	42724	22	97	0	0
GO	42726	22	97	0	0
GO	42727	22	97	0	0
GO	42732	0	9	22	88
GO	42737	22	97	0	0
GO	42742	0	2	22	95
GO	42743	22	74	0	23
GO	42744	22	74	0	23
GO	42763	0	3	22	94
GO	42764	0	2	22	95
GO	42770	0	1	22	96
GO	42771	0	1	22	96
GO	42773	22	97	0	0
GO	42775	22	97	0	0
GO	42776	0	1	22	96
GO	42777	22	97	0	0
GO	42780	22	97	0	0
GO	42788	22	94	0	3
GO	42802	22	97	0	0
GO	42803	22	97	0	0
GO	42816	22	97	0	0
GO	42817	0	15	22	82
GO	42819	22	97	0	0
GO	42822	22	97	0	0
GO	42823	22	97	0	0
GO	42832	0	1	22	96
GO	42834	21	97	1	0
GO	42836	0	1	22	96
GO	42838	0	1	22	96
GO	42839	0	1	22	96
GO	42840	0	1	22	96
GO	42843	0	9	22	88
GO	42851	22	95	0	2
GO	42852	22	95	0	2
GO	42866	22	97	0	0
GO	42867	0	3	22	94
GO	42873	0	4	22	93
GO	42879	0	4	22	93
GO	42883	22	97	0	0
GO	42886	22	97	0	0
GO	42887	22	97	0	0
GO	42891	22	97	0	0
GO	42895	22	97	0	0
GO	42906	0	7	22	90
GO	42907	0	7	22	90
GO	42908	0	3	22	94
GO	42910	0	3	22	94
GO	42930	22	97	0	0
GO	42937	22	45	0	52
GO	42938	22	97	0	0
GO	42939	22	97	0	0
GO	42940	0	8	22	89
GO	42942	0	8	22	89
GO	42943	0	3	22	94
GO	42945	0	3	22	94
GO	42953	22	97	0	0
GO	42954	22	97	0	0
GO	42960	2	15	20	82
GO	42968	0	1	22	96
GO	42970	0	1	22	96
GO	42979	22	97	0	0
GO	42981	0	1	22	96
GO	42995	22	97	0	0
GO	43005	0	1	22	96
GO	43021	22	97	0	0
GO	43022	22	97	0	0
GO	43023	22	97	0	0
GO	43024	22	97	0	0
GO	43038	22	97	0	0
GO	43039	22	97	0	0
GO	43043	22	97	0	0
GO	43062	0	1	22	96
GO	43066	0	1	22	96
GO	43067	0	1	22	96
GO	43069	0	1	22	96
GO	43085	22	97	0	0
GO	43086	22	97	0	0
GO	43087	22	97	0	0
GO	43090	0	2	22	95
GO	43093	22	97	0	0
GO	43094	22	97	0	0
GO	43096	22	97	0	0
GO	43097	22	97	0	0
GO	43100	21	94	1	3
GO	43101	22	97	0	0
GO	43102	22	97	0	0
GO	43103	22	73	0	24
GO	43111	2	3	20	94
GO	43137	22	97	0	0
GO	43138	22	97	0	0
GO	43140	22	97	0	0
GO	43142	22	97	0	0
GO	43150	7	4	15	93
GO	43157	22	94	0	3
GO	43163	22	97	0	0
GO	43164	22	97	0	0
GO	43165	22	97	0	0
GO	43167	22	97	0	0
GO	43168	22	97	0	0
GO	43169	22	97	0	0
GO	43170	22	97	0	0
GO	43171	22	97	0	0
GO	43173	22	97	0	0
GO	43174	22	97	0	0
GO	43175	22	97	0	0
GO	43177	22	97	0	0
GO	43178	0	1	22	96
GO	43190	22	97	0	0
GO	43199	22	29	0	68
GO	43200	22	97	0	0
GO	43201	22	97	0	0
GO	43207	22	97	0	0
GO	43211	0	12	22	85
GO	43213	22	97	0	0
GO	43225	22	97	0	0
GO	43226	22	97	0	0
GO	43227	22	97	0	0
GO	43228	22	97	0	0
GO	43229	22	97	0	0
GO	43231	22	97	0	0
GO	43232	22	97	0	0
GO	43233	22	97	0	0
GO	43244	22	97	0	0
GO	43253	0	1	22	96
GO	43254	22	97	0	0
GO	43255	22	94	0	3
GO	43269	22	97	0	0
GO	43270	22	96	0	1
GO	43271	22	97	0	0
GO	43273	22	97	0	0
GO	43333	22	97	0	0
GO	43335	22	97	0	0
GO	43364	22	96	0	1
GO	43365	22	96	0	1
GO	43367	0	1	22	96
GO	43412	22	97	0	0
GO	43413	22	97	0	0
GO	43414	22	97	0	0
GO	43418	0	1	22	96
GO	43420	0	4	22	93
GO	43431	22	97	0	0
GO	43433	22	97	0	0
GO	43436	22	97	0	0
GO	43446	0	6	22	91
GO	43448	0	6	22	91
GO	43462	22	97	0	0
GO	43467	22	97	0	0
GO	43470	22	95	0	2
GO	43471	22	95	0	2
GO	43484	21	94	1	3
GO	43487	22	97	0	0
GO	43488	22	97	0	0
GO	43489	22	97	0	0
GO	43492	22	97	0	0
GO	43527	22	97	0	0
GO	43530	22	96	0	1
GO	43531	22	97	0	0
GO	43543	22	97	0	0
GO	43545	22	97	0	0
GO	43546	22	97	0	0
GO	43547	22	97	0	0
GO	43549	22	97	0	0
GO	43555	22	96	0	1
GO	43562	21	94	1	3
GO	43565	22	97	0	0
GO	43570	0	1	22	96
GO	43571	0	1	22	96
GO	43590	22	97	0	0
GO	43596	22	96	0	1
GO	43601	22	96	0	1
GO	43603	22	97	0	0
GO	43604	22	97	0	0
GO	43605	0	3	22	94
GO	43621	22	96	0	1
GO	43624	22	97	0	0
GO	43628	22	97	0	0
GO	43631	22	97	0	0
GO	43632	21	96	1	1
GO	43647	22	96	0	1
GO	43648	22	97	0	0
GO	43649	22	96	0	1
GO	43650	22	97	0	0
GO	43656	3	3	19	94
GO	43657	3	4	19	93
GO	43682	1	0	21	97
GO	43686	22	97	0	0
GO	43687	22	97	0	0
GO	43708	22	97	0	0
GO	43711	22	97	0	0
GO	43726	22	97	0	0
GO	43737	0	1	22	96
GO	43751	20	43	2	54
GO	43765	22	96	0	1
GO	43768	22	96	0	1
GO	43771	22	97	0	0
GO	43798	0	1	22	96
GO	43828	22	91	0	6
GO	43846	22	97	0	0
GO	43847	22	97	0	0
GO	43856	22	97	0	0
GO	43865	22	91	0	6
GO	43872	0	1	22	96
GO	43874	22	97	0	0
GO	43891	22	96	0	1
GO	43893	22	81	0	16
GO	43900	8	78	14	19
GO	43901	8	78	14	19
GO	43902	0	1	22	96
GO	43903	1	0	21	97
GO	43906	22	97	0	0
GO	43907	22	95	0	2
GO	43918	0	16	22	81
GO	43933	22	97	0	0
GO	43934	0	3	22	94
GO	43935	0	2	22	95
GO	43952	22	97	0	0
GO	43953	22	97	0	0
GO	43957	3	58	19	39
GO	43963	22	96	0	1
GO	44003	22	97	0	0
GO	44004	22	97	0	0
GO	44010	22	97	0	0
GO	44011	22	96	0	1
GO	44036	22	97	0	0
GO	44038	22	97	0	0
GO	44042	22	97	0	0
GO	44068	22	96	0	1
GO	44070	22	97	0	0
GO	44085	22	97	0	0
GO	44087	22	97	0	0
GO	44089	22	97	0	0
GO	44091	22	97	0	0
GO	44092	22	97	0	0
GO	44093	22	97	0	0
GO	44106	22	97	0	0
GO	44110	0	1	22	96
GO	44116	0	1	22	96
GO	44117	0	1	22	96
GO	44119	0	1	22	96
GO	44174	1	0	21	97
GO	44175	1	0	21	97
GO	44179	22	96	0	1
GO	44183	22	97	0	0
GO	44208	22	94	0	3
GO	44212	22	97	0	0
GO	44215	3	4	19	93
GO	44216	3	4	19	93
GO	44217	3	4	19	93
GO	44218	1	1	21	96
GO	44237	22	97	0	0
GO	44238	22	97	0	0
GO	44242	22	97	0	0
GO	44247	0	30	22	67
GO	44248	22	97	0	0
GO	44249	22	97	0	0
GO	44255	22	97	0	0
GO	44257	22	97	0	0
GO	44260	22	97	0	0
GO	44262	22	97	0	0
GO	44264	22	97	0	0
GO	44265	22	97	0	0
GO	44267	22	97	0	0
GO	44270	22	97	0	0
GO	44271	22	97	0	0
GO	44272	22	97	0	0
GO	44273	22	97	0	0
GO	44275	22	97	0	0
GO	44279	1	1	21	96
GO	44281	22	97	0	0
GO	44282	22	97	0	0
GO	44283	22	97	0	0
GO	44318	22	97	0	0
GO	44352	0	1	22	96
GO	44354	0	1	22	96
GO	44355	22	97	0	0
GO	44364	22	97	0	0
GO	44374	22	96	0	1
GO	44389	0	2	22	95
GO	44391	22	97	0	0
GO	44403	22	97	0	0
GO	44406	1	1	21	96
GO	44409	22	97	0	0
GO	44411	2	5	20	92
GO	44419	22	97	0	0
GO	44421	8	14	14	83
GO	44422	22	97	0	0
GO	44423	10	23	12	74
GO	44424	22	97	0	0
GO	44425	22	97	0	0
GO	44427	22	97	0	0
GO	44428	22	97	0	0
GO	44429	1	3	21	94
GO	44431	1	1	21	96
GO	44433	0	1	22	96
GO	44434	0	1	22	96
GO	44435	0	1	22	96
GO	44440	0	1	22	96
GO	44441	0	0	22	97
GO	44444	22	97	0	0
GO	44445	22	97	0	0
GO	44446	22	97	0	0
GO	44452	21	96	1	1
GO	44454	22	96	0	1
GO	44455	0	2	22	95
GO	44459	22	97	0	0
GO	44461	22	97	0	0
GO	44462	22	97	0	0
GO	44463	22	97	0	0
GO	44464	22	97	0	0
GO	44501	22	96	0	1
GO	44547	0	1	22	96
GO	44550	22	97	0	0
GO	44569	22	86	0	11
GO	44620	21	96	1	1
GO	44650	1	1	21	96
GO	44659	4	31	18	66
GO	44661	4	31	18	66
GO	44703	0	3	22	94
GO	44715	22	96	0	1
GO	44716	22	96	0	1
GO	44728	22	97	0	0
GO	44729	22	96	0	1
GO	44764	22	97	0	0
GO	44769	22	97	0	0
GO	44776	22	97	0	0
GO	44780	0	7	22	90
GO	44781	0	7	22	90
GO	44786	22	97	0	0
GO	44787	22	97	0	0
GO	44799	0	2	22	95
GO	44815	22	96	0	1
GO	44872	22	97	0	0
GO	44873	22	97	0	0
GO	44874	22	97	0	0
GO	44877	22	97	0	0
GO	45004	22	97	0	0
GO	45005	22	97	0	0
GO	45013	22	96	0	1
GO	45017	22	97	0	0
GO	45047	22	97	0	0
GO	45064	0	1	22	96
GO	45074	0	1	22	96
GO	45082	0	1	22	96
GO	45087	0	1	22	96
GO	45117	0	3	22	94
GO	45127	6	3	16	94
GO	45137	0	1	22	96
GO	45152	22	97	0	0
GO	45181	22	96	0	1
GO	45182	22	97	0	0
GO	45184	22	97	0	0
GO	45185	0	1	22	96
GO	45203	22	97	0	0
GO	45226	22	88	0	9
GO	45229	22	97	0	0
GO	45239	22	97	0	0
GO	45240	22	97	0	0
GO	45250	22	97	0	0
GO	45252	22	97	0	0
GO	45254	22	97	0	0
GO	45259	22	97	0	0
GO	45260	22	97	0	0
GO	45261	22	97	0	0
GO	45262	22	97	0	0
GO	45263	22	97	0	0
GO	45264	22	97	0	0
GO	45271	1	11	21	86
GO	45272	1	10	21	87
GO	45273	22	97	0	0
GO	45274	22	97	0	0
GO	45275	0	1	22	96
GO	45277	0	2	22	95
GO	45281	22	97	0	0
GO	45282	22	97	0	0
GO	45283	0	7	22	90
GO	45284	0	7	22	90
GO	45321	0	1	22	96
GO	45324	0	1	22	96
GO	45333	22	97	0	0
GO	45337	21	96	1	1
GO	45338	21	96	1	1
GO	45414	0	1	22	96
GO	45415	0	1	22	96
GO	45437	22	83	0	14
GO	45454	22	97	0	0
GO	45717	0	24	22	73
GO	45719	22	94	0	3
GO	45723	22	97	0	0
GO	45727	22	97	0	0
GO	45732	22	96	0	1
GO	45733	22	97	0	0
GO	45740	22	97	0	0
GO	45752	0	1	22	96
GO	45786	22	97	0	0
GO	45807	0	1	22	96
GO	45819	22	95	0	2
GO	45828	22	91	0	6
GO	45833	22	97	0	0
GO	45834	22	97	0	0
GO	45848	22	96	0	1
GO	45851	22	97	0	0
GO	45852	0	4	22	93
GO	45859	22	97	0	0
GO	45860	22	97	0	0
GO	45861	22	91	0	6
GO	45862	22	97	0	0
GO	45892	22	97	0	0
GO	45893	22	97	0	0
GO	45900	22	97	0	0
GO	45903	22	97	0	0
GO	45911	22	96	0	1
GO	45912	22	97	0	0
GO	45913	22	95	0	2
GO	45922	0	24	22	73
GO	45923	22	97	0	0
GO	45926	22	94	0	3
GO	45927	0	1	22	96
GO	45930	22	97	0	0
GO	45934	22	97	0	0
GO	45935	22	97	0	0
GO	45936	22	97	0	0
GO	45937	22	97	0	0
GO	45944	0	1	22	96
GO	45947	22	97	0	0
GO	45948	21	97	1	0
GO	45974	22	95	0	2
GO	45975	22	95	0	2
GO	45980	0	6	22	91
GO	45990	22	96	0	1
GO	46031	22	97	0	0
GO	46033	22	94	0	3
GO	46034	22	97	0	0
GO	46035	22	97	0	0
GO	46036	22	97	0	0
GO	46037	22	97	0	0
GO	46039	22	97	0	0
GO	46040	22	97	0	0
GO	46046	22	97	0	0
GO	46047	22	97	0	0
GO	46049	22	97	0	0
GO	46050	22	97	0	0
GO	46051	22	97	0	0
GO	46052	22	97	0	0
GO	46058	22	94	0	3
GO	46060	22	97	0	0
GO	46061	22	97	0	0
GO	46065	22	66	0	31
GO	46070	22	97	0	0
GO	46072	22	96	0	1
GO	46073	22	36	0	61
GO	46075	22	97	0	0
GO	46076	22	97	0	0
GO	46077	22	96	0	1
GO	46078	22	96	0	1
GO	46080	22	97	0	0
GO	46081	22	97	0	0
GO	46083	22	96	0	1
GO	46084	22	96	0	1
GO	46085	22	97	0	0
GO	46086	22	94	0	3
GO	46087	22	96	0	1
GO	46092	22	96	0	1
GO	46094	0	34	22	63
GO	46098	0	6	22	91
GO	46100	22	79	0	18
GO	46101	22	74	0	23
GO	46102	22	87	0	10
GO	46103	22	73	0	24
GO	46104	22	97	0	0
GO	46108	22	97	0	0
GO	46112	22	97	0	0
GO	46113	22	96	0	1
GO	46115	0	34	22	63
GO	46116	22	97	0	0
GO	46121	22	96	0	1
GO	46122	0	34	22	63
GO	46124	0	34	22	63
GO	46125	22	97	0	0
GO	46127	22	96	0	1
GO	46128	22	97	0	0
GO	46129	22	97	0	0
GO	46130	22	87	0	10
GO	46131	22	97	0	0
GO	46132	22	97	0	0
GO	46133	22	97	0	0
GO	46134	22	97	0	0
GO	46135	22	97	0	0
GO	46144	22	97	0	0
GO	46145	22	95	0	2
GO	46146	22	97	0	0
GO	46148	22	97	0	0
GO	46164	22	97	0	0
GO	46165	22	97	0	0
GO	46166	22	97	0	0
GO	46168	0	4	22	93
GO	46173	22	97	0	0
GO	46174	22	97	0	0
GO	46176	22	97	0	0
GO	46177	22	97	0	0
GO	46183	0	22	22	75
GO	46184	22	97	0	0
GO	46185	22	97	0	0
GO	46189	0	1	22	96
GO	46209	22	94	0	3
GO	46210	22	94	0	3
GO	46218	0	17	22	80
GO	46219	22	97	0	0
GO	46256	22	45	0	52
GO	46260	22	45	0	52
GO	46263	22	45	0	52
GO	46316	0	22	22	75
GO	46341	21	97	1	0
GO	46342	0	1	22	96
GO	46346	0	5	22	92
GO	46348	21	39	1	58
GO	46349	22	97	0	0
GO	46351	22	96	0	1
GO	46364	22	97	0	0
GO	46365	22	97	0	0
GO	46368	3	7	19	90
GO	46373	18	12	4	85
GO	46377	3	30	19	67
GO	46378	11	32	11	65
GO	46379	22	88	0	9
GO	46383	0	2	22	95
GO	46385	22	97	0	0
GO	46386	22	97	0	0
GO	46390	22	97	0	0
GO	46391	21	97	1	0
GO	46392	0	1	22	96
GO	46394	22	97	0	0
GO	46395	22	97	0	0
GO	46396	0	3	22	94
GO	46397	0	3	22	94
GO	46400	22	97	0	0
GO	46401	22	97	0	0
GO	46402	2	19	20	78
GO	46415	0	1	22	96
GO	46416	22	97	0	0
GO	46417	22	97	0	0
GO	46421	22	96	0	1
GO	46425	0	1	22	96
GO	46426	0	1	22	96
GO	46428	22	97	0	0
GO	46429	22	97	0	0
GO	46434	22	97	0	0
GO	46436	22	97	0	0
GO	46437	22	95	0	2
GO	46439	22	97	0	0
GO	46440	22	53	0	44
GO	46451	22	97	0	0
GO	46452	22	97	0	0
GO	46459	22	97	0	0
GO	46466	0	1	22	96
GO	46467	22	97	0	0
GO	46471	22	97	0	0
GO	46474	22	97	0	0
GO	46475	0	1	22	96
GO	46479	0	1	22	96
GO	46483	22	97	0	0
GO	46484	22	97	0	0
GO	46486	22	97	0	0
GO	46487	22	97	0	0
GO	46490	22	97	0	0
GO	46493	22	97	0	0
GO	46496	22	97	0	0
GO	46498	22	97	0	0
GO	46500	22	97	0	0
GO	46501	22	97	0	0
GO	46502	22	95	0	2
GO	46503	0	1	22	96
GO	46514	0	1	22	96
GO	46527	22	77	0	20
GO	46537	22	97	0	0
GO	46545	0	1	22	96
GO	46566	0	2	22	95
GO	46583	22	97	0	0
GO	46618	22	97	0	0
GO	46631	0	1	22	96
GO	46632	0	1	22	96
GO	46649	0	1	22	96
GO	46653	22	97	0	0
GO	46654	22	97	0	0
GO	46655	22	96	0	1
GO	46656	22	96	0	1
GO	46660	0	1	22	96
GO	46661	0	1	22	96
GO	46677	22	97	0	0
GO	46678	22	97	0	0
GO	46685	22	97	0	0
GO	46686	0	5	22	92
GO	46688	22	96	0	1
GO	46689	22	97	0	0
GO	46690	22	96	0	1
GO	46700	22	97	0	0
GO	46710	22	97	0	0
GO	46716	0	1	22	96
GO	46718	22	97	0	0
GO	46729	0	1	22	96
GO	46777	22	97	0	0
GO	46790	21	96	1	1
GO	46798	0	1	22	96
GO	46812	1	0	21	97
GO	46820	22	97	0	0
GO	46834	0	31	22	66
GO	46835	22	97	0	0
GO	46836	22	97	0	0
GO	46838	22	96	0	1
GO	46839	22	96	0	1
GO	46855	22	96	0	1
GO	46857	0	2	22	95
GO	46870	22	96	0	1
GO	46872	22	97	0	0
GO	46873	22	97	0	0
GO	46874	22	97	0	0
GO	46889	22	97	0	0
GO	46890	22	97	0	0
GO	46892	22	86	0	11
GO	46900	22	97	0	0
GO	46901	22	97	0	0
GO	46903	22	97	0	0
GO	46906	22	97	0	0
GO	46907	22	97	0	0
GO	46912	22	97	0	0
GO	46914	22	97	0	0
GO	46915	22	97	0	0
GO	46916	22	97	0	0
GO	46917	0	1	22	96
GO	46930	22	92	0	5
GO	46933	22	97	0	0
GO	46939	22	97	0	0
GO	46940	22	97	0	0
GO	46942	22	97	0	0
GO	46943	22	97	0	0
GO	46944	22	84	0	13
GO	46961	22	97	0	0
GO	46982	0	2	22	95
GO	46983	22	97	0	0
GO	47134	22	97	0	0
GO	47405	22	97	0	0
GO	47429	22	97	0	0
GO	47451	22	97	0	0
GO	47456	22	97	0	0
GO	47465	0	5	22	92
GO	47475	0	1	22	96
GO	47480	22	97	0	0
GO	47484	22	96	0	1
GO	47485	22	97	0	0
GO	47545	22	97	0	0
GO	47547	0	4	22	93
GO	47580	0	32	22	65
GO	47589	22	53	0	44
GO	47617	22	97	0	0
GO	47631	22	97	0	0
GO	47635	22	95	0	2
GO	47661	22	97	0	0
GO	47681	4	15	18	82
GO	47693	22	94	0	3
GO	47724	0	34	22	63
GO	47808	22	97	0	0
GO	47844	22	96	0	1
GO	47917	4	12	18	85
GO	47931	22	79	0	18
GO	47952	22	97	0	0
GO	47954	22	96	0	1
GO	47975	0	34	22	63
GO	48001	22	96	0	1
GO	48018	0	1	22	96
GO	48027	22	97	0	0
GO	48029	18	22	4	75
GO	48033	21	57	1	40
GO	48034	21	57	1	40
GO	48037	22	97	0	0
GO	48038	22	97	0	0
GO	48039	22	97	0	0
GO	48162	0	1	22	96
GO	48193	0	1	22	96
GO	48255	22	97	0	0
GO	48256	22	96	0	1
GO	48284	0	1	22	96
GO	48468	0	3	22	94
GO	48476	22	97	0	0
GO	48477	0	1	22	96
GO	48500	22	95	0	2
GO	48511	0	1	22	96
GO	48513	0	2	22	95
GO	48518	22	97	0	0
GO	48519	22	97	0	0
GO	48522	22	97	0	0
GO	48523	22	97	0	0
GO	48534	0	1	22	96
GO	48536	0	1	22	96
GO	48548	0	1	22	96
GO	48549	0	1	22	96
GO	48583	22	97	0	0
GO	48584	0	1	22	96
GO	48585	1	1	21	96
GO	48589	0	1	22	96
GO	48598	0	1	22	96
GO	48608	0	1	22	96
GO	48609	0	1	22	96
GO	48646	0	3	22	94
GO	48731	0	2	22	95
GO	48856	1	5	21	92
GO	48869	1	4	21	93
GO	48870	22	97	0	0
GO	48878	22	97	0	0
GO	50084	22	96	0	1
GO	50089	1	3	21	94
GO	50136	22	97	0	0
GO	50145	22	97	0	0
GO	50163	22	97	0	0
GO	50179	22	96	0	1
GO	50218	22	97	0	0
GO	50225	0	26	22	71
GO	50263	22	83	0	14
GO	50286	22	96	0	1
GO	50308	22	96	0	1
GO	50309	22	96	0	1
GO	50311	22	97	0	0
GO	50338	22	71	0	26
GO	50343	22	96	0	1
GO	50355	22	97	0	0
GO	50380	21	65	1	32
GO	50418	22	94	0	3
GO	50440	22	97	0	0
GO	50446	0	1	22	96
GO	50483	22	92	0	5
GO	50484	22	92	0	5
GO	50486	21	95	1	2
GO	50497	22	97	0	0
GO	50511	22	97	0	0
GO	50515	22	97	0	0
GO	50518	22	97	0	0
GO	50519	0	1	22	96
GO	50526	22	97	0	0
GO	50570	21	97	1	0
GO	50577	3	7	19	90
GO	50626	0	1	22	96
GO	50650	1	0	21	97
GO	50654	1	0	21	97
GO	50660	22	97	0	0
GO	50661	22	97	0	0
GO	50662	22	97	0	0
GO	50667	22	96	0	1
GO	50776	0	1	22	96
GO	50778	0	1	22	96
GO	50779	21	95	1	2
GO	50789	22	97	0	0
GO	50790	22	97	0	0
GO	50793	22	97	0	0
GO	50794	22	97	0	0
GO	50801	22	97	0	0
GO	50821	22	97	0	0
GO	50830	0	1	22	96
GO	50832	0	1	22	96
GO	50896	22	97	0	0
GO	50897	22	96	0	1
GO	50918	0	12	22	85
GO	50920	19	43	3	54
GO	50922	1	0	21	97
GO	50997	0	27	22	70
GO	51020	22	97	0	0
GO	51049	22	97	0	0
GO	51050	22	96	0	1
GO	51051	22	97	0	0
GO	51052	22	97	0	0
GO	51053	22	97	0	0
GO	51054	22	97	0	0
GO	51055	22	97	0	0
GO	51065	22	97	0	0
GO	51075	22	97	0	0
GO	51082	22	97	0	0
GO	51083	22	96	0	1
GO	51084	22	97	0	0
GO	51085	22	97	0	0
GO	51087	22	97	0	0
GO	51090	22	97	0	0
GO	51091	0	1	22	96
GO	51092	0	1	22	96
GO	51093	0	1	22	96
GO	51095	21	95	1	2
GO	51098	0	1	22	96
GO	51101	0	1	22	96
GO	51103	22	97	0	0
GO	51108	0	20	22	77
GO	51109	0	20	22	77
GO	51117	22	97	0	0
GO	51119	18	32	4	65
GO	51128	22	97	0	0
GO	51129	22	97	0	0
GO	51130	22	97	0	0
GO	51131	2	1	20	96
GO	51156	22	97	0	0
GO	51167	18	12	4	85
GO	51169	0	1	22	96
GO	51170	0	1	22	96
GO	51171	22	97	0	0
GO	51172	22	97	0	0
GO	51173	22	97	0	0
GO	51174	22	97	0	0
GO	51179	22	97	0	0
GO	51180	22	96	0	1
GO	51181	22	97	0	0
GO	51182	0	19	22	78
GO	51184	21	94	1	3
GO	51185	0	19	22	78
GO	51186	22	97	0	0
GO	51187	22	74	0	23
GO	51188	22	97	0	0
GO	51189	22	97	0	0
GO	51191	0	1	22	96
GO	51192	21	96	1	1
GO	51193	22	96	0	1
GO	51205	22	97	0	0
GO	51208	1	0	21	97
GO	51213	22	97	0	0
GO	51223	22	97	0	0
GO	51234	22	97	0	0
GO	51235	22	64	0	33
GO	51238	22	64	0	33
GO	51239	0	1	22	96
GO	51240	0	1	22	96
GO	51241	0	1	22	96
GO	51246	22	97	0	0
GO	51247	22	97	0	0
GO	51248	22	97	0	0
GO	51252	22	97	0	0
GO	51253	22	97	0	0
GO	51254	22	97	0	0
GO	51258	22	97	0	0
GO	51259	22	97	0	0
GO	51260	22	97	0	0
GO	51261	0	3	22	94
GO	51262	22	97	0	0
GO	51270	22	57	0	40
GO	51271	17	27	5	70
GO	51273	22	61	0	36
GO	51274	22	50	0	47
GO	51275	0	11	22	86
GO	51276	22	97	0	0
GO	51278	0	2	22	95
GO	51286	0	1	22	96
GO	51287	22	97	0	0
GO	51289	22	97	0	0
GO	51291	3	3	19	94
GO	51301	22	97	0	0
GO	51302	22	97	0	0
GO	51304	22	95	0	2
GO	51321	0	2	22	95
GO	51336	22	97	0	0
GO	51338	22	97	0	0
GO	51339	1	1	21	96
GO	51341	22	97	0	0
GO	51345	22	97	0	0
GO	51346	22	97	0	0
GO	51347	22	97	0	0
GO	51349	1	1	21	96
GO	51353	22	97	0	0
GO	51409	8	50	14	47
GO	51410	0	2	22	95
GO	51452	22	97	0	0
GO	51453	22	97	0	0
GO	51454	0	4	22	93
GO	51457	0	1	22	96
GO	51472	20	30	2	67
GO	51480	0	1	22	96
GO	51483	22	97	0	0
GO	51484	22	97	0	0
GO	51499	21	97	1	0
GO	51500	21	97	1	0
GO	51536	22	97	0	0
GO	51537	22	97	0	0
GO	51538	22	97	0	0
GO	51539	22	97	0	0
GO	51540	22	97	0	0
GO	51575	22	97	0	0
GO	51595	22	36	0	61
GO	51596	22	97	0	0
GO	51597	0	1	22	96
GO	51599	0	4	22	93
GO	51602	0	1	22	96
GO	51603	22	97	0	0
GO	51604	22	97	0	0
GO	51606	0	1	22	96
GO	51607	22	96	0	1
GO	51641	22	97	0	0
GO	51649	22	97	0	0
GO	51651	22	64	0	33
GO	51674	22	97	0	0
GO	51691	0	27	22	70
GO	51692	0	27	22	70
GO	51701	22	97	0	0
GO	51703	22	96	0	1
GO	51704	22	97	0	0
GO	51707	22	97	0	0
GO	51715	22	96	0	1
GO	51716	22	97	0	0
GO	51723	22	95	0	2
GO	51726	22	97	0	0
GO	51782	22	97	0	0
GO	51788	22	95	0	2
GO	51790	22	96	0	1
GO	51801	22	96	0	1
GO	51806	22	97	0	0
GO	51817	22	97	0	0
GO	51818	22	97	0	0
GO	51828	22	97	0	0
GO	51830	2	5	20	92
GO	51870	22	96	0	1
GO	51871	22	96	0	1
GO	51883	22	97	0	0
GO	51920	22	60	0	37
GO	51952	22	96	0	1
GO	51954	22	96	0	1
GO	51955	22	96	0	1
GO	51957	22	96	0	1
GO	51983	22	97	0	0
GO	51989	22	97	0	0
GO	51990	0	3	22	94
GO	51998	22	97	0	0
GO	52027	22	96	0	1
GO	52047	22	97	0	0
GO	52126	4	31	18	66
GO	52192	4	31	18	66
GO	52212	22	97	0	0
GO	52250	22	96	0	1
GO	52331	22	96	0	1
GO	52381	21	95	1	2
GO	52547	22	91	0	6
GO	52548	22	91	0	6
GO	52590	0	4	22	93
GO	52592	22	97	0	0
GO	52621	1	17	21	80
GO	52646	22	97	0	0
GO	52652	22	94	0	3
GO	52665	22	97	0	0
GO	52666	22	97	0	0
GO	52689	22	97	0	0
GO	52693	22	97	0	0
GO	52698	0	1	22	96
GO	52699	0	1	22	96
GO	52701	0	1	22	96
GO	52703	0	1	22	96
GO	52704	0	1	22	96
GO	52708	0	1	22	96
GO	52737	0	3	22	94
GO	52738	22	37	0	60
GO	52745	22	96	0	1
GO	52803	22	97	0	0
GO	52805	22	93	0	4
GO	52834	22	96	0	1
GO	52855	22	81	0	16
GO	52856	22	81	0	16
GO	52857	22	81	0	16
GO	52858	22	95	0	2
GO	52868	0	1	22	96
GO	52875	0	2	22	95
GO	52906	22	96	0	1
GO	52907	22	97	0	0
GO	52913	21	97	1	0
GO	52914	22	96	0	1
GO	52916	22	97	0	0
GO	55029	22	96	0	1
GO	55062	22	97	0	0
GO	55065	22	97	0	0
GO	55067	22	97	0	0
GO	55069	22	97	0	0
GO	55070	13	43	9	54
GO	55072	22	97	0	0
GO	55073	22	97	0	0
GO	55074	1	61	21	36
GO	55076	22	97	0	0
GO	55078	22	94	0	3
GO	55080	22	97	0	0
GO	55081	22	97	0	0
GO	55082	22	97	0	0
GO	55083	22	97	0	0
GO	55085	22	97	0	0
GO	55086	22	97	0	0
GO	55114	22	97	0	0
GO	55129	22	97	0	0
GO	55130	22	96	0	1
GO	60003	22	59	0	38
GO	60033	0	1	22	96
GO	60089	22	97	0	0
GO	60090	22	97	0	0
GO	60170	0	0	22	97
GO	60187	22	97	0	0
GO	60241	0	1	22	96
GO	60249	0	1	22	96
GO	60255	22	97	0	0
GO	60274	22	97	0	0
GO	60322	0	1	22	96
GO	60341	22	97	0	0
GO	60429	0	1	22	96
GO	60548	0	1	22	96
GO	60589	22	97	0	0
GO	60590	22	97	0	0
GO	60627	0	1	22	96
GO	60698	22	97	0	0
GO	60699	22	97	0	0
GO	60700	22	97	0	0
GO	60701	22	97	0	0
GO	60702	22	97	0	0
GO	61013	22	97	0	0
GO	61024	22	97	0	0
GO	61025	0	1	22	96
GO	61077	22	97	0	0
GO	61134	22	91	0	6
GO	61135	22	91	0	6
GO	61458	0	1	22	96
GO	61463	0	6	22	91
GO	61475	22	97	0	0
GO	61501	1	0	21	97
GO	61503	22	97	0	0
GO	61504	22	97	0	0
GO	61505	22	97	0	0
GO	61522	22	96	0	1
GO	61542	22	97	0	0
GO	61593	1	3	21	94
GO	61598	22	96	0	1
GO	61602	0	7	22	90
GO	61603	22	96	0	1
GO	61605	22	97	0	0
GO	61640	22	97	0	0
GO	61687	22	59	0	38
GO	61695	22	97	0	0
GO	61710	22	97	0	0
GO	61720	1	3	21	94
GO	61727	22	97	0	0
GO	61731	22	97	0	0
GO	61732	1	0	21	97
GO	61733	22	95	0	2
GO	61783	22	97	0	0
GO	61798	21	93	1	4
GO	61799	22	97	0	0
GO	61984	22	96	0	1
GO	61985	22	96	0	1
GO	62012	22	97	0	0
GO	62013	22	97	0	0
GO	62014	0	24	22	73
GO	65002	22	97	0	0
GO	65003	22	97	0	0
GO	65007	22	97	0	0
GO	65008	22	97	0	0
GO	65009	22	97	0	0
GO	70003	21	96	1	1
GO	70004	22	96	0	1
GO	70006	22	97	0	0
GO	70008	22	97	0	0
GO	70011	22	97	0	0
GO	70012	22	64	0	33
GO	70013	22	97	0	0
GO	70026	20	55	2	42
GO	70035	22	97	0	0
GO	70037	22	97	0	0
GO	70038	22	97	0	0
GO	70039	22	97	0	0
GO	70040	22	96	0	1
GO	70041	22	97	0	0
GO	70042	22	96	0	1
GO	70043	22	97	0	0
GO	70050	0	1	22	96
GO	70051	0	9	22	88
GO	70063	22	97	0	0
GO	70069	22	97	0	0
GO	70084	21	97	1	0
GO	70085	22	97	0	0
GO	70178	0	2	22	95
GO	70180	22	97	0	0
GO	70181	22	97	0	0
GO	70189	0	17	22	80
GO	70201	22	97	0	0
GO	70204	22	94	0	3
GO	70205	22	95	0	2
GO	70206	22	97	0	0
GO	70207	22	97	0	0
GO	70279	22	97	0	0
GO	70283	22	97	0	0
GO	70301	22	97	0	0
GO	70329	22	92	0	5
GO	70401	22	97	0	0
GO	70402	22	97	0	0
GO	70403	22	97	0	0
GO	70404	22	93	0	4
GO	70417	22	97	0	0
GO	70453	22	96	0	1
GO	70469	22	97	0	0
GO	70470	22	97	0	0
GO	70475	22	97	0	0
GO	70476	22	97	0	0
GO	70482	0	10	22	87
GO	70525	22	97	0	0
GO	70547	22	96	0	1
GO	70548	22	97	0	0
GO	70566	22	97	0	0
GO	70567	22	97	0	0
GO	70568	22	97	0	0
GO	70569	22	97	0	0
GO	70573	22	97	0	0
GO	70574	22	97	0	0
GO	70581	22	97	0	0
GO	70588	0	61	22	36
GO	70589	22	97	0	0
GO	70592	0	2	22	95
GO	70613	0	43	22	54
GO	70628	1	0	21	97
GO	70647	0	3	22	94
GO	70677	22	97	0	0
GO	70689	22	96	0	1
GO	70717	22	97	0	0
GO	70727	22	97	0	0
GO	70733	3	11	19	86
GO	70739	22	69	0	28
GO	70778	22	61	0	36
GO	70813	20	62	2	35
GO	70814	20	62	2	35
GO	70818	22	97	0	0
GO	70819	22	97	0	0
GO	70838	22	97	0	0
GO	70848	0	1	22	96
GO	70873	22	97	0	0
GO	70874	22	94	0	3
GO	70875	22	95	0	2
GO	70881	22	96	0	1
GO	70887	22	97	0	0
GO	70894	21	97	1	0
GO	70905	22	97	0	0
GO	70925	22	97	0	0
GO	70930	22	96	0	1
GO	70968	0	30	22	67
GO	70972	22	97	0	0
GO	70988	19	19	3	78
GO	70992	22	97	0	0
GO	71071	22	97	0	0
GO	71072	22	97	0	0
GO	71103	22	97	0	0
GO	71111	0	9	22	88
GO	71139	22	97	0	0
GO	71172	22	84	0	13
GO	71214	22	97	0	0
GO	71215	0	1	22	96
GO	71216	0	1	22	96
GO	71218	22	95	0	2
GO	71219	0	1	22	96
GO	71229	22	97	0	0
GO	71230	22	91	0	6
GO	71236	22	97	0	0
GO	71237	22	97	0	0
GO	71241	22	97	0	0
GO	71243	22	97	0	0
GO	71248	22	97	0	0
GO	71249	22	95	0	2
GO	71250	22	95	0	2
GO	71265	22	97	0	0
GO	71267	22	97	0	0
GO	71276	0	1	22	96
GO	71280	22	65	0	32
GO	71281	22	77	0	20
GO	71288	22	97	0	0
GO	71292	22	65	0	32
GO	71310	22	97	0	0
GO	71363	0	1	22	96
GO	71396	0	1	22	96
GO	71417	22	97	0	0
GO	71421	0	3	22	94
GO	71422	22	96	0	1
GO	71424	22	97	0	0
GO	71450	22	96	0	1
GO	71451	22	96	0	1
GO	71466	0	7	22	90
GO	71467	22	97	0	0
GO	71468	0	1	22	96
GO	71470	22	96	0	1
GO	71472	22	96	0	1
GO	71474	22	96	0	1
GO	71475	22	96	0	1
GO	71478	22	97	0	0
GO	71482	22	97	0	0
GO	71495	22	97	0	0
GO	71496	22	97	0	0
GO	71500	8	50	14	47
GO	71502	22	97	0	0
GO	71518	0	9	22	88
GO	71522	0	1	22	96
GO	71545	22	96	0	1
GO	71554	22	97	0	0
GO	71555	22	97	0	0
GO	71575	22	97	0	0
GO	71577	22	97	0	0
GO	71616	22	97	0	0
GO	71617	22	97	0	0
GO	71667	0	1	22	96
GO	71702	22	97	0	0
GO	71704	22	97	0	0
GO	71705	22	97	0	0
GO	71709	22	97	0	0
GO	71723	22	96	0	1
GO	71731	22	97	0	0
GO	71732	1	35	21	62
GO	71766	1	0	21	97
GO	71770	1	0	21	97
GO	71772	0	1	22	96
GO	71773	0	1	22	96
GO	71804	22	97	0	0
GO	71805	22	97	0	0
GO	71806	22	97	0	0
GO	71807	2	3	20	94
GO	71826	22	97	0	0
GO	71840	22	97	0	0
GO	71852	0	2	22	95
GO	71890	22	95	0	2
GO	71897	22	97	0	0
GO	71915	0	1	22	96
GO	71916	22	97	0	0
GO	71932	22	97	0	0
GO	71941	22	97	0	0
GO	71944	22	97	0	0
GO	71949	22	97	0	0
GO	71951	21	96	1	1
GO	71963	22	96	0	1
GO	71966	0	2	22	95
GO	71972	22	97	0	0
GO	71973	22	97	0	0
GO	71975	22	96	0	1
GO	71977	22	96	0	1
GO	71978	22	79	0	18
GO	72321	22	97	0	0
GO	72322	22	97	0	0
GO	72323	22	97	0	0
GO	72329	22	97	0	0
GO	72330	22	97	0	0
GO	72331	0	1	22	96
GO	72332	0	1	22	96
GO	72337	22	97	0	0
GO	72341	22	97	0	0
GO	72344	22	96	0	1
GO	72348	22	97	0	0
GO	72349	21	55	1	42
GO	72350	22	97	0	0
GO	72351	0	5	22	92
GO	72488	22	97	0	0
GO	72490	22	45	0	52
GO	72491	22	45	0	52
GO	72501	22	97	0	0
GO	72502	22	97	0	0
GO	72503	22	97	0	0
GO	72505	22	97	0	0
GO	72506	22	97	0	0
GO	72507	22	97	0	0
GO	72509	22	97	0	0
GO	72511	22	97	0	0
GO	72521	22	97	0	0
GO	72522	22	97	0	0
GO	72523	22	97	0	0
GO	72524	22	97	0	0
GO	72525	22	97	0	0
GO	72526	22	96	0	1
GO	72527	22	97	0	0
GO	72528	22	97	0	0
GO	72529	22	97	0	0
GO	72530	0	13	22	84
GO	72531	22	96	0	1
GO	72580	0	1	22	96
GO	72581	0	1	22	96
GO	72586	22	96	0	1
GO	72593	22	97	0	0
GO	72594	22	97	0	0
GO	72595	0	1	22	96
GO	72599	22	97	0	0
GO	72657	22	97	0	0
GO	72714	0	3	22	94
GO	72747	0	4	22	93
GO	72756	0	4	22	93
GO	75713	10	17	12	80
GO	80033	22	95	0	2
GO	80090	22	97	0	0
GO	80134	22	97	0	0
GO	80135	22	97	0	0
GO	80146	22	97	0	0
GO	85027	2	5	20	92
GO	89705	22	96	0	1
GO	89715	21	97	1	0
GO	89718	0	2	22	95
GO	90066	22	97	0	0
GO	90069	22	97	0	0
GO	90070	22	97	0	0
GO	90071	22	97	0	0
GO	90079	22	97	0	0
GO	90087	22	97	0	0
GO	90093	0	1	22	96
GO	90116	0	10	22	87
GO	90143	22	96	0	1
GO	90150	22	97	0	0
GO	90160	0	1	22	96
GO	90174	0	1	22	96
GO	90304	22	97	0	0
GO	90305	22	97	0	0
GO	90313	22	97	0	0
GO	90329	22	97	0	0
GO	90352	3	8	19	89
GO	90357	22	97	0	0
GO	90407	22	97	0	0
GO	90482	0	19	22	78
GO	90483	8	40	14	57
GO	90499	22	97	0	0
GO	90501	22	97	0	0
GO	90502	22	97	0	0
GO	90503	22	97	0	0
GO	90529	22	97	0	0
GO	90533	0	12	22	85
GO	90540	0	1	22	96
GO	90563	22	97	0	0
GO	90589	0	1	22	96
GO	90599	0	27	22	70
GO	90605	22	97	0	0
GO	90609	22	96	0	1
GO	90662	22	97	0	0
GO	97035	22	97	0	0
GO	97056	14	34	8	63
GO	97159	22	97	0	0
GO	97163	22	97	0	0
GO	97164	22	97	0	0
GO	97172	22	97	0	0
GO	97190	0	1	22	96
GO	97193	0	1	22	96
GO	97216	22	97	0	0
GO	97237	22	97	0	0
GO	97264	22	95	0	2
GO	97292	0	5	22	92
GO	97293	0	5	22	92
GO	97305	0	1	22	96
GO	97306	0	1	22	96
GO	97347	22	96	0	1
GO	97366	22	97	0	0
GO	97367	22	97	0	0
GO	97428	22	97	0	0
GO	97435	0	3	22	94
GO	97458	0	1	22	96
GO	97501	22	62	0	35
GO	97506	21	97	1	0
GO	97510	21	97	1	0
GO	97577	22	64	0	33
GO	97588	22	97	0	0
GO	97617	22	97	0	0
GO	97638	0	2	22	95
GO	97659	22	97	0	0
GO	97697	21	66	1	31
GO	97708	1	1	21	96
GO	97718	22	97	0	0
GO	97730	0	0	22	97
GO	97731	0	0	22	97
GO	97733	0	0	22	97
GO	97747	22	97	0	0
GO	98015	1	4	21	93
GO	98025	1	4	21	93
GO	98027	0	1	22	96
GO	98533	22	97	0	0
GO	98542	22	96	0	1
GO	98552	22	97	0	0
GO	98561	22	96	0	1
GO	98562	22	97	0	0
GO	98567	22	97	0	0
GO	98586	21	97	1	0
GO	98588	1	1	21	96
GO	98590	0	0	22	97
GO	98630	0	9	22	88
GO	98655	22	97	0	0
GO	98656	22	97	0	0
GO	98657	0	3	22	94
GO	98660	22	97	0	0
GO	98661	22	97	0	0
GO	98662	22	97	0	0
GO	98732	22	97	0	0
GO	98739	0	2	22	95
GO	98743	0	9	22	88
GO	98754	22	97	0	0
GO	98771	22	97	0	0
GO	98772	22	97	0	0
GO	98776	22	97	0	0
GO	98791	1	1	21	96
GO	98795	0	6	22	91
GO	98796	22	97	0	0
GO	98797	22	97	0	0
GO	98798	0	3	22	94
GO	98800	0	2	22	95
GO	98803	22	97	0	0
GO	98805	0	1	22	96
GO	98809	22	84	0	13
GO	98813	22	97	0	0
GO	98869	22	97	0	0
GO	99046	22	97	0	0
GO	99116	21	96	1	1
GO	99131	22	97	0	0
GO	99132	22	97	0	0
GO	99133	22	97	0	0
GO	99516	22	97	0	0
GO	99620	0	2	22	95
GO	99621	0	3	22	94
GO	101005	0	1	22	96
GO	101031	22	97	0	0
GO	104004	22	97	0	0
GO	106004	22	97	0	0
GO	106009	21	96	1	1
GO	106026	21	97	1	0
GO	106050	0	65	22	32
GO	106074	22	97	0	0
GO	106077	1	0	21	97
GO	110017	22	96	0	1
GO	120009	22	97	0	0
GO	120010	22	97	0	0
GO	120025	0	1	22	96
GO	120038	0	0	22	97
GO	120100	21	96	1	1
GO	120101	21	96	1	1
GO	120127	0	1	22	96
GO	140030	1	0	21	97
GO	140035	1	0	21	97
GO	140096	22	97	0	0
GO	140097	22	97	0	0
GO	140098	22	97	0	0
GO	140101	22	97	0	0
GO	140102	22	97	0	0
GO	140104	22	97	0	0
GO	140110	22	97	0	0
GO	140115	22	97	0	0
GO	1900079	22	97	0	0
GO	1900081	22	97	0	0
GO	1900150	0	1	22	96
GO	1900190	8	78	14	19
GO	1900191	8	78	14	19
GO	1900231	8	78	14	19
GO	1900232	8	78	14	19
GO	1900371	0	6	22	91
GO	1900372	0	6	22	91
GO	1900542	0	6	22	91
GO	1900543	0	6	22	91
GO	1901068	22	97	0	0
GO	1901069	0	34	22	63
GO	1901070	22	97	0	0
GO	1901071	22	40	0	57
GO	1901072	21	37	1	60
GO	1901073	0	2	22	95
GO	1901135	22	97	0	0
GO	1901136	22	97	0	0
GO	1901137	22	97	0	0
GO	1901159	18	12	4	85
GO	1901193	21	97	1	0
GO	1901195	21	97	1	0
GO	1901222	0	1	22	96
GO	1901264	22	97	0	0
GO	1901265	22	97	0	0
GO	1901269	22	97	0	0
GO	1901271	22	97	0	0
GO	1901292	22	97	0	0
GO	1901293	22	97	0	0
GO	1901322	0	4	22	93
GO	1901359	22	27	0	70
GO	1901360	22	97	0	0
GO	1901361	22	97	0	0
GO	1901362	22	97	0	0
GO	1901363	22	97	0	0
GO	1901367	0	8	22	89
GO	1901401	22	96	0	1
GO	1901419	0	1	22	96
GO	1901420	0	1	22	96
GO	1901463	22	96	0	1
GO	1901474	0	3	22	94
GO	1901505	22	97	0	0
GO	1901530	21	97	1	0
GO	1901562	0	4	22	93
GO	1901564	22	97	0	0
GO	1901565	22	97	0	0
GO	1901566	22	97	0	0
GO	1901575	22	97	0	0
GO	1901576	22	97	0	0
GO	1901605	22	97	0	0
GO	1901606	22	97	0	0
GO	1901607	22	97	0	0
GO	1901611	22	97	0	0
GO	1901612	22	94	0	3
GO	1901615	22	97	0	0
GO	1901616	22	97	0	0
GO	1901617	22	97	0	0
GO	1901642	22	97	0	0
GO	1901652	22	97	0	0
GO	1901653	22	97	0	0
GO	1901654	22	38	0	59
GO	1901655	0	4	22	93
GO	1901657	22	97	0	0
GO	1901658	22	97	0	0
GO	1901659	22	97	0	0
GO	1901661	22	97	0	0
GO	1901663	22	97	0	0
GO	1901678	22	97	0	0
GO	1901680	22	91	0	6
GO	1901681	22	97	0	0
GO	1901682	22	97	0	0
GO	1901698	22	97	0	0
GO	1901699	22	97	0	0
GO	1901700	22	97	0	0
GO	1901701	22	97	0	0
GO	1901873	19	43	3	54
GO	1901875	19	43	3	54
GO	1901891	22	97	0	0
GO	1901892	22	97	0	0
GO	1901973	22	96	0	1
GO	1901981	0	1	22	96
GO	1902021	22	50	0	47
GO	1902022	0	1	22	96
GO	1902023	0	14	22	83
GO	1902047	22	97	0	0
GO	1902170	22	95	0	2
GO	1902201	17	20	5	77
GO	1902221	22	97	0	0
GO	1902222	22	96	0	1
GO	1902223	22	97	0	0
GO	1902280	21	95	1	2
GO	1902292	22	96	0	1
GO	1902328	22	96	0	1
GO	1902358	22	97	0	0
GO	1902369	22	97	0	0
GO	1902373	22	97	0	0
GO	1902410	22	97	0	0
GO	1902412	22	97	0	0
GO	1902413	22	97	0	0
GO	1902444	22	97	0	0
GO	1902475	22	97	0	0
GO	1902493	0	3	22	94
GO	1902494	22	97	0	0
GO	1902495	22	97	0	0
GO	1902531	0	1	22	96
GO	1902532	0	1	22	96
GO	1902555	21	96	1	1
GO	1902599	0	3	22	94
GO	1902600	22	97	0	0
GO	1902601	22	59	0	38
GO	1902603	0	17	22	80
GO	1902626	22	97	0	0
GO	1902679	22	97	0	0
GO	1902680	22	97	0	0
GO	1902757	22	96	0	1
GO	1902758	22	96	0	1
GO	1902759	0	7	22	90
GO	1902760	0	7	22	90
GO	1902776	1	3	21	94
GO	1902777	1	3	21	94
GO	1902834	22	96	0	1
GO	1902836	22	96	0	1
GO	1903008	21	97	1	0
GO	1903046	0	2	22	95
GO	1903047	22	97	0	0
GO	1903136	20	62	2	35
GO	1903227	0	34	22	63
GO	1903228	0	34	22	63
GO	1903311	22	97	0	0
GO	1903312	22	97	0	0
GO	1903313	0	8	22	89
GO	1903314	3	8	19	89
GO	1903317	0	43	22	54
GO	1903319	0	43	22	54
GO	1903338	0	1	22	96
GO	1903352	22	34	0	63
GO	1903400	0	2	22	95
GO	1903401	0	1	22	96
GO	1903424	22	97	0	0
GO	1903425	22	97	0	0
GO	1903436	22	97	0	0
GO	1903437	22	97	0	0
GO	1903506	22	97	0	0
GO	1903507	22	97	0	0
GO	1903508	22	97	0	0
GO	1903509	22	97	0	0
GO	1903510	1	0	21	97
GO	1903533	22	97	0	0
GO	1903555	0	1	22	96
GO	1903556	0	1	22	96
GO	1903711	0	1	22	96
GO	1903712	22	97	0	0
GO	1903714	22	91	0	6
GO	1903725	22	97	0	0
GO	1903726	22	97	0	0
GO	1903785	22	91	0	6
GO	1903789	22	96	0	1
GO	1903791	22	94	0	3
GO	1903792	22	97	0	0
GO	1903793	22	96	0	1
GO	1903795	22	97	0	0
GO	1903796	22	97	0	0
GO	1903825	22	97	0	0
GO	1903826	0	14	22	83
GO	1903827	22	97	0	0
GO	1903830	22	96	0	1
GO	1903874	22	97	0	0
GO	1903959	22	97	0	0
GO	1903960	22	97	0	0
GO	1903961	22	96	0	1
GO	1904047	22	96	0	1
GO	1904062	22	96	0	1
GO	1904064	22	96	0	1
GO	1904082	22	94	0	3
GO	1904680	22	97	0	0
GO	1904688	21	97	1	0
GO	1904690	21	97	1	0
GO	1904823	0	13	22	84
GO	1904892	0	1	22	96
GO	1904893	0	1	22	96
GO	1904949	22	97	0	0
GO	1905039	22	97	0	0
GO	1905347	22	97	0	0
GO	1905348	22	97	0	0
GO	1905368	22	97	0	0
GO	1905369	22	97	0	0
GO	1905475	22	97	0	0
GO	1905939	0	1	22	96
GO	1905940	0	1	22	96
GO	1905957	0	1	22	96
GO	1905958	0	1	22	96
GO	1990002	4	22	18	75
GO	1990063	22	97	0	0
GO	1990077	22	96	0	1
GO	1990097	22	96	0	1
GO	1990099	22	96	0	1
GO	1990104	0	1	22	96
GO	1990145	22	94	0	3
GO	1990169	22	61	0	36
GO	1990170	0	1	22	96
GO	1990178	0	1	22	96
GO	1990195	22	97	0	0
GO	1990196	22	97	0	0
GO	1990204	22	97	0	0
GO	1990220	22	97	0	0
GO	1990228	22	97	0	0
GO	1990230	22	97	0	0
GO	1990234	22	97	0	0
GO	1990238	22	97	0	0
GO	1990275	22	97	0	0
GO	1990281	22	97	0	0
GO	1990351	22	97	0	0
GO	1990359	0	2	22	95
GO	1990391	22	97	0	0
GO	1990397	22	95	0	2
GO	1990451	0	1	22	96
GO	1990481	22	97	0	0
GO	1990497	21	95	1	2
GO	1990507	21	97	1	0
GO	1990542	0	1	22	96
GO	1990748	22	97	0	0
GO	1990778	22	96	0	1
GO	1990817	21	97	1	0
GO	1990822	0	14	22	83
GO	1990827	19	19	3	78
GO	1990837	22	97	0	0
GO	1990856	21	97	1	0
GO	1990904	22	97	0	0
GO	1990928	22	97	0	0
GO	2000026	0	1	22	96
GO	2000104	22	97	0	0
GO	2000105	22	97	0	0
GO	2000112	22	97	0	0
GO	2000113	22	97	0	0
GO	2000142	22	97	0	0
GO	2000143	22	97	0	0
GO	2000144	22	97	0	0
GO	2000145	22	50	0	47
GO	2000146	17	20	5	77
GO	2000185	22	97	0	0
GO	2000186	22	97	0	0
GO	2000194	0	1	22	96
GO	2000195	0	1	22	96
GO	2000241	0	1	22	96
GO	2000242	0	1	22	96
GO	2000282	22	97	0	0
GO	2000354	0	1	22	96
GO	2000355	0	1	22	96
GO	2000371	22	96	0	1
GO	2000372	22	96	0	1
GO	2000535	1	0	21	97
GO	2000765	22	97	0	0
GO	2000766	22	97	0	0
GO	2000767	21	97	1	0
GO	2001020	22	97	0	0
GO	2001023	8	10	14	87
GO	2001057	22	94	0	3
GO	2001065	0	1	22	96
GO	2001124	0	1	22	96
GO	2001125	0	1	22	96
GO	2001141	22	97	0	0
GO	2001251	22	96	0	1
