GO_term term CLIN1_Pr NOCLIN_Pr CLIN1_Abs NOCLIN_Abs
GO 3 23 97 0 0
GO 14 23 97 0 0
GO 15 23 97 0 0
GO 18 23 97 0 0
GO 27 23 97 0 0
GO 28 23 97 0 0
GO 34 0 1 23 96
GO 35 23 96 0 1
GO 36 23 96 0 1
GO 41 23 97 0 0
GO 49 23 97 0 0
GO 50 23 97 0 0
GO 53 23 95 0 2
GO 60 0 1 23 96
GO 64 23 34 0 63
GO 96 23 97 0 0
GO 97 23 97 0 0
GO 98 21 97 2 0
GO 99 23 97 0 0
GO 101 23 97 0 0
GO 102 23 91 0 6
GO 103 23 97 0 0
GO 104 23 97 0 0
GO 105 23 97 0 0
GO 107 23 97 0 0
GO 131 0 2 23 95
GO 139 1 0 22 97
GO 148 0 1 23 96
GO 150 23 97 0 0
GO 151 0 2 23 95
GO 154 23 97 0 0
GO 155 23 97 0 0
GO 156 23 97 0 0
GO 160 23 97 0 0
GO 162 23 97 0 0
GO 166 23 97 0 0
GO 175 23 97 0 0
GO 179 23 97 0 0
GO 217 23 97 0 0
GO 228 23 96 0 1
GO 229 23 96 0 1
GO 255 0 3 23 94
GO 256 0 3 23 94
GO 270 23 97 0 0
GO 271 23 97 0 0
GO 272 0 30 23 67
GO 276 1 1 22 96
GO 278 23 97 0 0
GO 281 23 97 0 0
GO 287 23 97 0 0
GO 302 23 97 0 0
GO 303 23 97 0 0
GO 305 23 97 0 0
GO 309 23 97 0 0
GO 310 0 5 23 92
GO 313 0 1 23 96
GO 315 0 1 23 96
GO 372 22 94 1 3
GO 375 22 94 1 3
GO 376 22 94 1 3
GO 400 23 97 0 0
GO 405 0 2 23 95
GO 408 23 97 0 0
GO 413 23 97 0 0
GO 428 23 96 0 1
GO 451 23 97 0 0
GO 453 23 97 0 0
GO 455 23 97 0 0
GO 462 23 97 0 0
GO 469 23 96 0 1
GO 470 22 93 1 4
GO 478 23 96 0 1
GO 502 23 97 0 0
GO 702 23 97 0 0
GO 703 23 97 0 0
GO 715 23 97 0 0
GO 716 23 97 0 0
GO 724 23 97 0 0
GO 725 23 97 0 0
GO 726 22 35 1 62
GO 731 23 97 0 0
GO 738 23 97 0 0
GO 746 0 7 23 90
GO 774 23 95 0 2
GO 785 23 96 0 1
GO 786 23 96 0 1
GO 787 23 96 0 1
GO 789 23 96 0 1
GO 793 0 0 23 97
GO 796 0 0 23 97
GO 819 23 97 0 0
GO 820 23 97 0 0
GO 821 23 97 0 0
GO 822 0 1 23 96
GO 900 23 97 0 0
GO 902 0 2 23 95
GO 904 0 1 23 96
GO 906 23 97 0 0
GO 910 23 97 0 0
GO 917 23 97 0 0
GO 918 23 97 0 0
GO 920 23 97 0 0
GO 935 0 1 23 96
GO 966 23 97 0 0
GO 967 23 97 0 0
GO 976 23 97 0 0
GO 984 23 97 0 0
GO 985 23 96 0 1
GO 986 23 97 0 0
GO 987 23 97 0 0
GO 988 23 97 0 0
GO 989 23 97 0 0
GO 990 23 97 0 0
GO 1000 23 97 0 0
GO 1017 23 97 0 0
GO 1046 23 96 0 1
GO 1047 23 96 0 1
GO 1067 23 97 0 0
GO 1072 23 92 0 5
GO 1073 23 97 0 0
GO 1098 23 97 0 0
GO 1101 23 97 0 0
GO 1108 23 97 0 0
GO 1121 23 97 0 0
GO 1123 23 96 0 1
GO 1124 22 89 1 8
GO 1125 23 97 0 0
GO 1130 23 97 0 0
GO 1131 23 97 0 0
GO 1140 23 97 0 0
GO 1141 23 97 0 0
GO 1150 22 56 1 41
GO 1151 22 55 1 42
GO 1158 22 56 1 41
GO 1199 22 59 1 38
GO 1204 22 59 1 38
GO 1216 23 97 0 0
GO 1217 23 97 0 0
GO 1505 23 97 0 0
GO 1510 23 97 0 0
GO 1514 22 29 1 68
GO 1522 23 97 0 0
GO 1530 23 97 0 0
GO 1539 23 97 0 0
GO 1541 0 1 23 96
GO 1546 0 1 23 96
GO 1558 23 97 0 0
GO 1562 0 1 23 96
GO 1573 0 1 23 96
GO 1655 0 1 23 96
GO 1666 3 1 20 96
GO 1680 22 97 1 0
GO 1682 23 96 0 1
GO 1716 23 97 0 0
GO 1727 0 31 23 66
GO 1731 23 97 0 0
GO 1750 1 0 22 97
GO 1775 0 1 23 96
GO 1817 0 1 23 96
GO 1818 0 1 23 96
GO 1819 0 1 23 96
GO 1871 0 1 23 96
GO 1880 0 1 23 96
GO 1882 23 97 0 0
GO 1883 23 97 0 0
GO 1884 23 97 0 0
GO 1887 23 97 0 0
GO 1896 23 97 0 0
GO 1897 23 96 0 1
GO 1906 23 97 0 0
GO 1907 23 97 0 0
GO 1917 1 0 22 97
GO 1932 23 97 0 0
GO 1934 23 97 0 0
GO 1968 0 9 23 88
GO 2020 23 96 0 1
GO 2054 0 6 23 91
GO 2057 0 6 23 91
GO 2060 0 6 23 91
GO 2064 0 1 23 96
GO 2094 23 97 0 0
GO 2097 23 97 0 0
GO 2098 23 97 0 0
GO 2099 23 97 0 0
GO 2100 23 97 0 0
GO 2101 23 97 0 0
GO 2128 23 97 0 0
GO 2130 23 96 0 1
GO 2131 23 96 0 1
GO 2132 23 96 0 1
GO 2134 23 97 0 0
GO 2136 23 97 0 0
GO 2143 23 97 0 0
GO 2161 23 97 0 0
GO 2181 23 97 0 0
GO 2183 23 97 0 0
GO 2184 23 97 0 0
GO 2188 23 96 0 1
GO 2190 23 96 0 1
GO 2192 23 96 0 1
GO 2196 23 97 0 0
GO 2225 0 1 23 96
GO 2237 0 1 23 96
GO 2250 0 1 23 96
GO 2252 23 96 0 1
GO 2263 0 1 23 96
GO 2266 0 1 23 96
GO 2268 0 1 23 96
GO 2285 0 1 23 96
GO 2286 0 1 23 96
GO 2287 0 1 23 96
GO 2292 0 1 23 96
GO 2293 0 1 23 96
GO 2294 0 1 23 96
GO 2312 0 1 23 96
GO 2313 0 1 23 96
GO 2315 0 1 23 96
GO 2335 0 1 23 96
GO 2366 0 1 23 96
GO 2376 23 96 0 1
GO 2443 0 1 23 96
GO 2449 0 1 23 96
GO 2455 0 1 23 96
GO 2460 0 1 23 96
GO 2467 0 1 23 96
GO 2520 0 1 23 96
GO 2521 0 1 23 96
GO 2682 0 1 23 96
GO 2684 0 1 23 96
GO 2697 0 1 23 96
GO 2699 0 1 23 96
GO 2700 0 1 23 96
GO 2702 0 1 23 96
GO 2759 0 1 23 96
GO 2760 0 1 23 96
GO 2784 0 1 23 96
GO 2788 0 1 23 96
GO 2790 23 97 0 0
GO 2804 0 1 23 96
GO 2805 0 1 23 96
GO 2807 0 1 23 96
GO 2810 0 1 23 96
GO 2831 0 1 23 96
GO 2833 0 1 23 96
GO 2920 0 1 23 96
GO 2922 0 1 23 96
GO 2935 23 96 0 1
GO 2937 23 95 0 2
GO 2938 22 65 1 32
GO 2939 22 96 1 1
GO 2943 23 97 0 0
GO 2949 23 97 0 0
GO 2953 23 83 0 14
GO 3006 0 3 23 94
GO 3333 23 97 0 0
GO 3382 0 1 23 96
GO 3674 23 97 0 0
GO 3676 23 97 0 0
GO 3677 23 97 0 0
GO 3678 23 97 0 0
GO 3681 23 95 0 2
GO 3684 23 97 0 0
GO 3688 23 97 0 0
GO 3690 23 97 0 0
GO 3697 23 97 0 0
GO 3700 23 97 0 0
GO 3723 23 97 0 0
GO 3724 23 97 0 0
GO 3725 23 97 0 0
GO 3727 23 97 0 0
GO 3729 23 97 0 0
GO 3730 23 97 0 0
GO 3735 23 97 0 0
GO 3743 23 97 0 0
GO 3746 23 97 0 0
GO 3747 23 97 0 0
GO 3755 23 97 0 0
GO 3756 23 97 0 0
GO 3796 4 31 19 66
GO 3824 23 97 0 0
GO 3841 22 97 1 0
GO 3844 22 77 1 20
GO 3848 23 96 0 1
GO 3849 23 97 0 0
GO 3850 23 96 0 1
GO 3852 23 97 0 0
GO 3855 23 96 0 1
GO 3856 23 97 0 0
GO 3857 23 97 0 0
GO 3861 23 96 0 1
GO 3862 23 94 0 3
GO 3864 23 97 0 0
GO 3866 23 97 0 0
GO 3867 23 53 0 44
GO 3871 23 74 0 23
GO 3879 23 97 0 0
GO 3882 23 96 0 1
GO 3883 23 97 0 0
GO 3886 0 10 23 87
GO 3887 23 97 0 0
GO 3899 23 97 0 0
GO 3904 23 84 0 13
GO 3906 23 97 0 0
GO 3909 23 97 0 0
GO 3910 22 92 1 5
GO 3911 23 96 0 1
GO 3913 23 84 0 13
GO 3916 23 97 0 0
GO 3917 23 96 0 1
GO 3918 23 97 0 0
GO 3919 23 97 0 0
GO 3920 0 7 23 90
GO 3921 23 97 0 0
GO 3922 23 97 0 0
GO 3924 23 97 0 0
GO 3933 23 97 0 0
GO 3934 23 97 0 0
GO 3935 23 96 0 1
GO 3938 22 97 1 0
GO 3941 6 52 17 45
GO 3942 23 95 0 2
GO 3949 23 97 0 0
GO 3951 23 96 0 1
GO 3952 1 35 22 62
GO 3954 23 97 0 0
GO 3955 0 2 23 95
GO 3962 23 97 0 0
GO 3963 13 1 10 96
GO 3964 0 1 23 96
GO 3977 23 97 0 0
GO 3978 1 21 22 76
GO 3979 0 0 23 97
GO 3984 23 96 0 1
GO 3985 23 97 0 0
GO 3987 23 97 0 0
GO 3988 23 97 0 0
GO 3989 23 56 0 41
GO 3991 23 96 0 1
GO 3992 23 97 0 0
GO 3994 23 97 0 0
GO 3995 23 97 0 0
GO 3996 0 1 23 96
GO 3998 23 63 0 34
GO 3999 23 97 0 0
GO 4000 23 73 0 24
GO 4003 23 97 0 0
GO 4004 23 97 0 0
GO 4008 1 0 22 97
GO 4013 0 1 23 96
GO 4015 23 97 0 0
GO 4016 23 94 0 3
GO 4017 22 96 1 1
GO 4019 23 94 0 3
GO 4020 23 65 0 32
GO 4021 23 95 0 2
GO 4022 23 97 0 0
GO 4029 21 63 2 34
GO 4033 23 93 0 4
GO 4034 23 89 0 8
GO 4035 0 1 23 96
GO 4037 0 4 23 93
GO 4038 0 4 23 93
GO 4042 23 96 0 1
GO 4044 23 97 0 0
GO 4045 23 97 0 0
GO 4047 23 97 0 0
GO 4048 23 94 0 3
GO 4049 23 97 0 0
GO 4055 23 95 0 2
GO 4056 23 94 0 3
GO 4057 23 96 0 1
GO 4066 23 96 0 1
GO 4067 23 95 0 2
GO 4068 23 95 0 2
GO 4069 23 97 0 0
GO 4070 22 97 1 0
GO 4071 23 96 0 1
GO 4072 23 97 0 0
GO 4073 23 97 0 0
GO 4075 0 24 23 73
GO 4076 23 97 0 0
GO 4077 23 97 0 0
GO 4084 0 41 23 56
GO 4087 23 97 0 0
GO 4088 23 97 0 0
GO 4089 23 97 0 0
GO 4096 22 74 1 23
GO 4099 1 26 22 71
GO 4106 23 97 0 0
GO 4107 23 97 0 0
GO 4108 23 97 0 0
GO 4109 23 97 0 0
GO 4112 23 97 0 0
GO 4114 23 97 0 0
GO 4115 23 97 0 0
GO 4121 21 97 2 0
GO 4122 0 1 23 96
GO 4123 23 97 0 0
GO 4124 23 97 0 0
GO 4125 23 34 0 63
GO 4126 23 96 0 1
GO 4127 23 97 0 0
GO 4129 1 2 22 95
GO 4130 0 1 23 96
GO 4131 0 18 23 79
GO 4139 23 97 0 0
GO 4140 23 96 0 1
GO 4141 23 97 0 0
GO 4143 0 1 23 96
GO 4145 21 3 2 94
GO 4146 23 96 0 1
GO 4148 23 97 0 0
GO 4149 23 97 0 0
GO 4150 23 97 0 0
GO 4151 1 93 22 4
GO 4152 23 97 0 0
GO 4155 23 72 0 25
GO 4156 23 96 0 1
GO 4158 23 97 0 0
GO 4161 23 96 0 1
GO 4165 23 97 0 0
GO 4170 23 96 0 1
GO 4175 23 97 0 0
GO 4176 23 97 0 0
GO 4177 23 97 0 0
GO 4180 23 97 0 0
GO 4185 23 97 0 0
GO 4197 0 1 23 96
GO 4222 23 97 0 0
GO 4252 23 97 0 0
GO 4298 23 96 0 1
GO 4300 23 97 0 0
GO 4308 0 1 23 96
GO 4309 23 97 0 0
GO 4311 23 97 0 0
GO 4312 23 97 0 0
GO 4314 23 97 0 0
GO 4315 23 97 0 0
GO 4316 23 97 0 0
GO 4318 22 96 1 1
GO 4321 0 1 23 96
GO 4322 23 97 0 0
GO 4324 23 97 0 0
GO 4325 23 97 0 0
GO 4326 23 97 0 0
GO 4329 23 63 0 34
GO 4333 23 97 0 0
GO 4335 1 47 22 50
GO 4337 23 96 0 1
GO 4342 21 3 2 94
GO 4345 23 97 0 0
GO 4346 23 96 0 1
GO 4349 23 97 0 0
GO 4350 23 97 0 0
GO 4351 0 9 23 88
GO 4353 0 8 23 89
GO 4354 0 8 23 89
GO 4355 23 96 0 1
GO 4356 23 97 0 0
GO 4357 23 97 0 0
GO 4358 23 95 0 2
GO 4359 23 94 0 3
GO 4360 21 97 2 0
GO 4362 23 96 0 1
GO 4363 23 96 0 1
GO 4364 0 5 23 92
GO 4365 23 96 0 1
GO 4366 23 97 0 0
GO 4367 23 97 0 0
GO 4368 0 4 23 93
GO 4370 23 96 0 1
GO 4372 23 96 0 1
GO 4373 20 75 3 22
GO 4375 23 97 0 0
GO 4385 23 97 0 0
GO 4386 23 97 0 0
GO 4396 23 96 0 1
GO 4397 22 93 1 4
GO 4399 23 97 0 0
GO 4400 23 96 0 1
GO 4401 21 96 2 1
GO 4411 23 92 0 5
GO 4412 23 97 0 0
GO 4413 23 96 0 1
GO 4416 23 97 0 0
GO 4417 0 2 23 95
GO 4418 23 97 0 0
GO 4422 23 96 0 1
GO 4424 21 96 2 1
GO 4425 23 96 0 1
GO 4427 22 5 1 92
GO 4451 23 71 0 26
GO 4455 20 96 3 1
GO 4456 23 97 0 0
GO 4457 23 94 0 3
GO 4458 0 3 23 94
GO 4462 23 96 0 1
GO 4470 23 97 0 0
GO 4471 23 97 0 0
GO 4473 23 97 0 0
GO 4474 23 96 0 1
GO 4475 0 5 23 92
GO 4477 23 97 0 0
GO 4478 23 97 0 0
GO 4479 23 96 0 1
GO 4486 23 97 0 0
GO 4488 23 97 0 0
GO 4489 23 86 0 11
GO 4494 0 2 23 95
GO 4497 23 95 0 2
GO 4505 23 95 0 2
GO 4514 23 96 0 1
GO 4515 23 97 0 0
GO 4516 0 2 23 95
GO 4518 23 97 0 0
GO 4519 23 97 0 0
GO 4520 23 97 0 0
GO 4521 23 97 0 0
GO 4523 23 97 0 0
GO 4525 23 97 0 0
GO 4526 23 96 0 1
GO 4527 23 97 0 0
GO 4529 23 97 0 0
GO 4532 23 97 0 0
GO 4534 23 97 0 0
GO 4536 23 97 0 0
GO 4540 23 97 0 0
GO 4549 23 96 0 1
GO 4550 23 96 0 1
GO 4551 22 97 1 0
GO 4553 23 97 0 0
GO 4556 0 1 23 96
GO 4558 0 27 23 70
GO 4563 23 96 0 1
GO 4568 16 33 7 64
GO 4585 23 96 0 1
GO 4586 23 33 0 64
GO 4588 23 97 0 0
GO 4590 23 97 0 0
GO 4591 23 96 0 1
GO 4592 23 97 0 0
GO 4594 23 97 0 0
GO 4595 23 97 0 0
GO 4596 23 97 0 0
GO 4601 23 97 0 0
GO 4604 23 96 0 1
GO 4605 23 97 0 0
GO 4609 23 97 0 0
GO 4611 23 96 0 1
GO 4612 23 94 0 3
GO 4614 23 97 0 0
GO 4615 23 96 0 1
GO 4617 23 97 0 0
GO 4618 23 97 0 0
GO 4619 23 97 0 0
GO 4620 23 97 0 0
GO 4622 23 97 0 0
GO 4632 23 97 0 0
GO 4633 23 97 0 0
GO 4634 23 97 0 0
GO 4635 23 97 0 0
GO 4636 23 97 0 0
GO 4637 23 96 0 1
GO 4638 23 82 0 15
GO 4639 23 95 0 2
GO 4640 23 96 0 1
GO 4641 23 97 0 0
GO 4642 23 97 0 0
GO 4643 23 97 0 0
GO 4644 23 97 0 0
GO 4645 23 97 0 0
GO 4647 23 97 0 0
GO 4648 23 97 0 0
GO 4652 23 97 0 0
GO 4654 23 97 0 0
GO 4655 23 45 0 52
GO 4659 23 97 0 0
GO 4664 22 96 1 1
GO 4672 23 97 0 0
GO 4673 23 97 0 0
GO 4674 23 97 0 0
GO 4713 0 7 23 90
GO 4719 23 97 0 0
GO 4721 23 97 0 0
GO 4722 1 0 22 97
GO 4725 0 5 23 92
GO 4729 23 97 0 0
GO 4730 22 26 1 71
GO 4731 23 97 0 0
GO 4733 23 96 0 1
GO 4735 23 97 0 0
GO 4738 23 96 0 1
GO 4742 23 80 0 17
GO 4743 23 97 0 0
GO 4746 23 96 0 1
GO 4747 23 74 0 23
GO 4748 23 97 0 0
GO 4749 23 97 0 0
GO 4750 23 96 0 1
GO 4751 23 97 0 0
GO 4756 23 92 0 5
GO 4764 23 97 0 0
GO 4765 23 97 0 0
GO 4766 22 16 1 81
GO 4774 23 97 0 0
GO 4775 23 97 0 0
GO 4779 23 66 0 31
GO 4781 23 66 0 31
GO 4783 23 97 0 0
GO 4784 23 96 0 1
GO 4787 23 93 0 4
GO 4791 23 97 0 0
GO 4792 23 97 0 0
GO 4793 23 96 0 1
GO 4794 23 96 0 1
GO 4795 23 96 0 1
GO 4797 23 97 0 0
GO 4798 23 96 0 1
GO 4799 23 97 0 0
GO 4801 23 97 0 0
GO 4802 22 6 1 91
GO 4803 6 10 17 87
GO 4805 0 1 23 96
GO 4806 0 19 23 78
GO 4807 23 97 0 0
GO 4808 23 97 0 0
GO 4810 22 97 1 0
GO 4812 23 97 0 0
GO 4813 23 97 0 0
GO 4814 22 97 1 0
GO 4815 23 97 0 0
GO 4816 23 97 0 0
GO 4817 23 97 0 0
GO 4818 23 96 0 1
GO 4819 23 97 0 0
GO 4820 23 96 0 1
GO 4821 23 97 0 0
GO 4822 23 97 0 0
GO 4823 23 97 0 0
GO 4825 23 97 0 0
GO 4826 23 95 0 2
GO 4827 23 96 0 1
GO 4828 23 97 0 0
GO 4829 23 97 0 0
GO 4830 22 96 1 1
GO 4831 23 97 0 0
GO 4832 23 97 0 0
GO 4833 22 17 1 80
GO 4834 23 97 0 0
GO 4838 23 96 0 1
GO 4842 0 3 23 94
GO 4844 23 97 0 0
GO 4845 23 96 0 1
GO 4849 23 97 0 0
GO 4850 23 97 0 0
GO 4852 23 97 0 0
GO 4853 23 95 0 2
GO 4854 0 7 23 90
GO 4856 0 9 23 88
GO 4857 23 97 0 0
GO 4866 23 91 0 6
GO 4867 23 91 0 6
GO 5048 23 94 0 3
GO 5085 23 97 0 0
GO 5096 23 97 0 0
GO 5102 0 1 23 96
GO 5126 0 1 23 96
GO 5160 0 1 23 96
GO 5179 0 1 23 96
GO 5198 23 97 0 0
GO 5215 23 97 0 0
GO 5216 23 97 0 0
GO 5261 23 97 0 0
GO 5262 16 61 7 36
GO 5267 23 97 0 0
GO 5275 1 28 22 69
GO 5283 23 96 0 1
GO 5294 23 91 0 6
GO 5295 23 96 0 1
GO 5300 21 97 2 0
GO 5302 0 6 23 91
GO 5304 0 1 23 96
GO 5310 23 96 0 1
GO 5315 23 97 0 0
GO 5319 23 97 0 0
GO 5326 23 63 0 34
GO 5337 23 97 0 0
GO 5342 23 97 0 0
GO 5343 23 96 0 1
GO 5345 0 13 23 84
GO 5350 23 94 0 3
GO 5351 0 5 23 92
GO 5372 18 50 5 47
GO 5375 1 0 22 97
GO 5381 23 97 0 0
GO 5384 0 3 23 94
GO 5385 23 97 0 0
GO 5402 1 27 22 70
GO 5416 23 96 0 1
GO 5451 23 97 0 0
GO 5452 0 1 23 96
GO 5469 1 80 22 17
GO 5488 23 97 0 0
GO 5504 23 97 0 0
GO 5506 23 97 0 0
GO 5507 23 97 0 0
GO 5509 23 96 0 1
GO 5515 23 97 0 0
GO 5524 23 97 0 0
GO 5525 23 97 0 0
GO 5527 23 97 0 0
GO 5528 23 97 0 0
GO 5534 1 12 22 85
GO 5539 22 97 1 0
GO 5542 23 97 0 0
GO 5543 23 97 0 0
GO 5545 0 1 23 96
GO 5575 23 97 0 0
GO 5576 23 97 0 0
GO 5615 22 14 1 83
GO 5618 23 97 0 0
GO 5622 23 97 0 0
GO 5623 23 97 0 0
GO 5628 0 2 23 95
GO 5634 23 97 0 0
GO 5654 0 1 23 96
GO 5655 23 96 0 1
GO 5657 23 97 0 0
GO 5658 23 96 0 1
GO 5694 23 97 0 0
GO 5730 23 96 0 1
GO 5737 23 97 0 0
GO 5739 1 3 22 94
GO 5740 1 2 22 95
GO 5743 1 2 22 95
GO 5746 1 2 22 95
GO 5747 0 1 23 96
GO 5750 1 1 22 96
GO 5751 1 2 22 95
GO 5753 1 1 22 96
GO 5759 0 1 23 96
GO 5761 0 1 23 96
GO 5762 0 1 23 96
GO 5768 1 1 22 96
GO 5769 0 1 23 96
GO 5770 1 0 22 97
GO 5773 0 1 23 96
GO 5794 1 1 22 96
GO 5802 1 1 22 96
GO 5829 23 97 0 0
GO 5840 23 97 0 0
GO 5844 23 94 0 3
GO 5856 23 97 0 0
GO 5886 23 97 0 0
GO 5887 23 97 0 0
GO 5929 1 0 22 97
GO 5933 0 2 23 95
GO 5935 0 2 23 95
GO 5948 23 96 0 1
GO 5950 23 97 0 0
GO 5951 23 97 0 0
GO 5960 23 97 0 0
GO 5971 23 97 0 0
GO 5975 23 97 0 0
GO 5976 23 97 0 0
GO 5977 23 97 0 0
GO 5978 23 97 0 0
GO 5979 23 94 0 3
GO 5981 23 95 0 2
GO 5984 23 96 0 1
GO 5985 23 96 0 1
GO 5986 23 96 0 1
GO 5991 0 1 23 96
GO 5992 0 1 23 96
GO 5996 23 97 0 0
GO 5997 0 9 23 88
GO 5998 0 9 23 88
GO 6000 23 97 0 0
GO 6001 23 97 0 0
GO 6002 23 97 0 0
GO 6006 23 97 0 0
GO 6012 23 97 0 0
GO 6014 23 97 0 0
GO 6015 23 97 0 0
GO 6020 23 96 0 1
GO 6022 23 97 0 0
GO 6023 23 97 0 0
GO 6024 23 97 0 0
GO 6026 23 97 0 0
GO 6027 23 97 0 0
GO 6029 0 0 23 97
GO 6030 16 37 7 60
GO 6031 0 2 23 95
GO 6032 16 35 7 62
GO 6037 0 2 23 95
GO 6038 0 2 23 95
GO 6040 23 97 0 0
GO 6044 21 5 2 92
GO 6046 0 2 23 95
GO 6047 23 97 0 0
GO 6048 23 97 0 0
GO 6050 0 5 23 92
GO 6051 0 5 23 92
GO 6053 0 5 23 92
GO 6054 0 5 23 92
GO 6063 0 3 23 94
GO 6064 0 1 23 96
GO 6066 23 97 0 0
GO 6067 23 97 0 0
GO 6071 23 97 0 0
GO 6072 23 97 0 0
GO 6073 23 97 0 0
GO 6081 23 97 0 0
GO 6082 23 97 0 0
GO 6083 23 97 0 0
GO 6084 23 97 0 0
GO 6085 23 97 0 0
GO 6086 23 97 0 0
GO 6089 23 97 0 0
GO 6090 23 97 0 0
GO 6091 23 97 0 0
GO 6094 23 97 0 0
GO 6096 23 97 0 0
GO 6097 23 97 0 0
GO 6098 23 97 0 0
GO 6099 23 97 0 0
GO 6101 23 97 0 0
GO 6103 23 97 0 0
GO 6105 23 97 0 0
GO 6106 3 47 20 50
GO 6107 0 1 23 96
GO 6108 23 97 0 0
GO 6109 23 97 0 0
GO 6112 23 97 0 0
GO 6113 23 97 0 0
GO 6115 22 95 1 2
GO 6116 0 1 23 96
GO 6119 23 97 0 0
GO 6120 23 97 0 0
GO 6123 1 2 22 95
GO 6124 23 95 0 2
GO 6139 23 97 0 0
GO 6140 0 6 23 91
GO 6144 23 97 0 0
GO 6145 0 10 23 87
GO 6146 0 1 23 96
GO 6148 1 34 22 63
GO 6149 1 34 22 63
GO 6150 0 7 23 90
GO 6152 23 97 0 0
GO 6154 23 73 0 24
GO 6161 1 34 22 63
GO 6163 23 97 0 0
GO 6164 23 97 0 0
GO 6165 23 97 0 0
GO 6166 23 97 0 0
GO 6167 23 94 0 3
GO 6168 23 96 0 1
GO 6171 23 94 0 3
GO 6172 22 96 1 1
GO 6177 23 97 0 0
GO 6183 22 97 1 0
GO 6188 23 97 0 0
GO 6189 23 97 0 0
GO 6195 23 97 0 0
GO 6203 23 97 0 0
GO 6206 23 97 0 0
GO 6207 23 97 0 0
GO 6208 23 96 0 1
GO 6209 0 18 23 79
GO 6212 23 94 0 3
GO 6213 23 97 0 0
GO 6216 23 96 0 1
GO 6217 23 96 0 1
GO 6218 23 97 0 0
GO 6220 23 97 0 0
GO 6221 23 97 0 0
GO 6222 23 97 0 0
GO 6226 23 96 0 1
GO 6227 23 96 0 1
GO 6231 23 36 0 61
GO 6233 23 96 0 1
GO 6235 23 96 0 1
GO 6241 23 97 0 0
GO 6244 23 97 0 0
GO 6253 23 66 0 31
GO 6259 23 97 0 0
GO 6260 23 97 0 0
GO 6261 23 97 0 0
GO 6265 23 97 0 0
GO 6266 23 97 0 0
GO 6268 23 97 0 0
GO 6269 23 96 0 1
GO 6270 23 97 0 0
GO 6271 23 97 0 0
GO 6273 23 97 0 0
GO 6274 1 3 22 94
GO 6275 23 97 0 0
GO 6276 23 97 0 0
GO 6278 0 1 23 96
GO 6281 23 97 0 0
GO 6282 23 97 0 0
GO 6283 23 97 0 0
GO 6284 23 97 0 0
GO 6285 23 97 0 0
GO 6288 23 96 0 1
GO 6289 23 97 0 0
GO 6298 23 97 0 0
GO 6301 23 97 0 0
GO 6302 23 97 0 0
GO 6304 23 97 0 0
GO 6305 23 97 0 0
GO 6306 23 97 0 0
GO 6308 23 97 0 0
GO 6310 23 97 0 0
GO 6313 11 15 12 82
GO 6323 23 97 0 0
GO 6351 23 97 0 0
GO 6352 23 97 0 0
GO 6353 23 97 0 0
GO 6354 23 97 0 0
GO 6355 23 97 0 0
GO 6357 0 1 23 96
GO 6364 23 97 0 0
GO 6378 23 97 0 0
GO 6379 0 6 23 91
GO 6382 23 97 0 0
GO 6396 23 97 0 0
GO 6397 23 97 0 0
GO 6399 23 97 0 0
GO 6400 23 97 0 0
GO 6401 23 97 0 0
GO 6402 23 97 0 0
GO 6412 23 97 0 0
GO 6413 23 97 0 0
GO 6414 23 97 0 0
GO 6415 23 97 0 0
GO 6417 23 97 0 0
GO 6418 23 97 0 0
GO 6419 23 97 0 0
GO 6420 22 97 1 0
GO 6421 23 97 0 0
GO 6422 23 97 0 0
GO 6423 23 97 0 0
GO 6424 23 96 0 1
GO 6425 23 97 0 0
GO 6426 23 96 0 1
GO 6427 23 97 0 0
GO 6428 23 97 0 0
GO 6429 23 97 0 0
GO 6430 0 1 23 96
GO 6431 23 97 0 0
GO 6432 23 95 0 2
GO 6433 23 96 0 1
GO 6434 23 97 0 0
GO 6435 23 97 0 0
GO 6436 22 96 1 1
GO 6437 23 97 0 0
GO 6438 23 97 0 0
GO 6446 23 97 0 0
GO 6448 23 97 0 0
GO 6450 23 97 0 0
GO 6451 22 29 1 68
GO 6457 23 97 0 0
GO 6458 23 97 0 0
GO 6464 23 97 0 0
GO 6465 23 97 0 0
GO 6468 23 97 0 0
GO 6470 23 97 0 0
GO 6473 23 97 0 0
GO 6474 23 97 0 0
GO 6475 23 95 0 2
GO 6476 23 97 0 0
GO 6479 23 97 0 0
GO 6480 23 97 0 0
GO 6482 1 19 22 78
GO 6486 21 97 2 0
GO 6487 21 97 2 0
GO 6497 0 0 23 97
GO 6508 23 97 0 0
GO 6511 23 96 0 1
GO 6515 23 97 0 0
GO 6517 0 4 23 93
GO 6518 23 97 0 0
GO 6520 23 97 0 0
GO 6521 23 97 0 0
GO 6522 23 97 0 0
GO 6523 23 95 0 2
GO 6524 23 97 0 0
GO 6525 23 97 0 0
GO 6526 23 97 0 0
GO 6527 23 97 0 0
GO 6528 23 97 0 0
GO 6529 23 96 0 1
GO 6530 23 95 0 2
GO 6531 23 97 0 0
GO 6532 0 41 23 56
GO 6534 23 97 0 0
GO 6535 23 97 0 0
GO 6536 23 97 0 0
GO 6537 23 97 0 0
GO 6541 23 97 0 0
GO 6542 23 97 0 0
GO 6543 23 94 0 3
GO 6544 23 97 0 0
GO 6545 23 97 0 0
GO 6546 23 97 0 0
GO 6547 23 97 0 0
GO 6548 23 93 0 4
GO 6549 23 97 0 0
GO 6551 23 97 0 0
GO 6553 23 97 0 0
GO 6554 23 54 0 43
GO 6555 23 97 0 0
GO 6556 23 97 0 0
GO 6558 23 97 0 0
GO 6559 23 96 0 1
GO 6560 23 97 0 0
GO 6561 23 97 0 0
GO 6563 23 97 0 0
GO 6564 23 97 0 0
GO 6565 23 96 0 1
GO 6566 23 97 0 0
GO 6567 23 97 0 0
GO 6568 23 97 0 0
GO 6569 22 17 1 80
GO 6570 23 97 0 0
GO 6571 23 97 0 0
GO 6572 23 95 0 2
GO 6573 23 97 0 0
GO 6575 23 97 0 0
GO 6576 23 97 0 0
GO 6577 23 70 0 27
GO 6578 21 62 2 35
GO 6579 22 20 1 77
GO 6586 23 97 0 0
GO 6591 23 97 0 0
GO 6595 23 97 0 0
GO 6596 23 97 0 0
GO 6598 21 5 2 92
GO 6605 23 97 0 0
GO 6606 0 1 23 96
GO 6612 23 97 0 0
GO 6613 23 97 0 0
GO 6614 23 97 0 0
GO 6616 23 97 0 0
GO 6629 23 97 0 0
GO 6631 23 97 0 0
GO 6633 23 97 0 0
GO 6635 23 97 0 0
GO 6637 23 97 0 0
GO 6643 23 97 0 0
GO 6644 23 97 0 0
GO 6650 23 97 0 0
GO 6655 23 97 0 0
GO 6664 23 97 0 0
GO 6665 0 1 23 96
GO 6672 0 1 23 96
GO 6687 0 1 23 96
GO 6689 0 1 23 96
GO 6720 23 97 0 0
GO 6721 23 97 0 0
GO 6725 23 97 0 0
GO 6729 23 97 0 0
GO 6730 23 97 0 0
GO 6732 23 97 0 0
GO 6733 23 97 0 0
GO 6734 23 97 0 0
GO 6739 23 97 0 0
GO 6740 23 54 0 43
GO 6741 23 96 0 1
GO 6743 23 97 0 0
GO 6744 23 97 0 0
GO 6749 23 97 0 0
GO 6750 23 97 0 0
GO 6753 23 97 0 0
GO 6754 23 97 0 0
GO 6757 23 97 0 0
GO 6760 23 97 0 0
GO 6761 23 97 0 0
GO 6766 23 97 0 0
GO 6767 23 97 0 0
GO 6768 23 97 0 0
GO 6771 23 97 0 0
GO 6772 23 97 0 0
GO 6775 23 97 0 0
GO 6777 23 97 0 0
GO 6778 23 97 0 0
GO 6779 23 97 0 0
GO 6780 23 95 0 2
GO 6782 23 97 0 0
GO 6783 23 97 0 0
GO 6790 23 97 0 0
GO 6791 23 44 0 53
GO 6793 23 97 0 0
GO 6796 23 97 0 0
GO 6797 23 44 0 53
GO 6798 23 44 0 53
GO 6799 23 43 0 54
GO 6801 23 96 0 1
GO 6805 21 7 2 90
GO 6807 23 97 0 0
GO 6808 23 97 0 0
GO 6810 23 97 0 0
GO 6811 23 97 0 0
GO 6812 23 97 0 0
GO 6813 23 97 0 0
GO 6814 23 97 0 0
GO 6816 16 61 7 36
GO 6817 23 97 0 0
GO 6820 23 97 0 0
GO 6821 0 2 23 95
GO 6824 23 96 0 1
GO 6825 23 63 0 34
GO 6826 23 97 0 0
GO 6828 0 3 23 94
GO 6829 23 97 0 0
GO 6833 18 50 5 47
GO 6835 23 97 0 0
GO 6836 23 63 0 34
GO 6839 1 1 22 96
GO 6846 2 81 21 16
GO 6855 23 97 0 0
GO 6857 23 97 0 0
GO 6863 0 13 23 84
GO 6865 23 97 0 0
GO 6869 23 97 0 0
GO 6873 23 97 0 0
GO 6874 17 61 6 36
GO 6875 23 97 0 0
GO 6876 23 97 0 0
GO 6878 1 0 22 97
GO 6879 23 97 0 0
GO 6880 23 64 0 33
GO 6882 23 97 0 0
GO 6883 23 94 0 3
GO 6884 23 97 0 0
GO 6885 23 97 0 0
GO 6886 23 97 0 0
GO 6892 0 1 23 96
GO 6896 0 1 23 96
GO 6897 0 1 23 96
GO 6906 0 1 23 96
GO 6913 0 1 23 96
GO 6915 0 1 23 96
GO 6928 23 97 0 0
GO 6935 23 97 0 0
GO 6950 23 97 0 0
GO 6952 23 97 0 0
GO 6955 0 2 23 95
GO 6959 0 1 23 96
GO 6967 0 1 23 96
GO 6970 23 97 0 0
GO 6972 23 97 0 0
GO 6974 23 97 0 0
GO 6979 23 97 0 0
GO 6986 23 97 0 0
GO 6995 23 94 0 3
GO 6996 23 97 0 0
GO 7005 1 1 22 96
GO 7006 1 1 22 96
GO 7007 1 1 22 96
GO 7010 12 3 11 94
GO 7015 12 3 11 94
GO 7034 0 1 23 96
GO 7041 0 1 23 96
GO 7049 23 97 0 0
GO 7059 23 97 0 0
GO 7062 23 97 0 0
GO 7154 23 97 0 0
GO 7155 23 97 0 0
GO 7163 23 96 0 1
GO 7165 23 97 0 0
GO 7166 0 1 23 96
GO 7167 0 1 23 96
GO 7178 0 1 23 96
GO 7204 0 1 23 96
GO 7231 23 96 0 1
GO 7249 0 1 23 96
GO 7267 23 97 0 0
GO 7275 1 2 22 95
GO 7276 0 1 23 96
GO 7281 0 1 23 96
GO 7292 0 1 23 96
GO 7346 23 97 0 0
GO 7399 1 1 22 96
GO 7417 1 1 22 96
GO 7420 1 1 22 96
GO 7530 0 1 23 96
GO 7548 0 1 23 96
GO 7568 1 2 22 95
GO 7584 23 96 0 1
GO 8022 23 42 0 55
GO 8026 23 97 0 0
GO 8028 22 87 1 10
GO 8033 23 97 0 0
GO 8047 23 97 0 0
GO 8061 16 33 7 64
GO 8073 23 97 0 0
GO 8079 23 97 0 0
GO 8080 23 97 0 0
GO 8081 23 97 0 0
GO 8094 23 97 0 0
GO 8097 23 96 0 1
GO 8104 23 97 0 0
GO 8106 1 17 22 80
GO 8108 1 46 22 51
GO 8119 23 95 0 2
GO 8127 22 54 1 43
GO 8134 23 95 0 2
GO 8135 23 97 0 0
GO 8137 23 97 0 0
GO 8138 22 97 1 0
GO 8143 23 97 0 0
GO 8144 23 97 0 0
GO 8150 23 97 0 0
GO 8152 23 97 0 0
GO 8154 12 3 11 94
GO 8156 23 97 0 0
GO 8168 23 97 0 0
GO 8169 23 97 0 0
GO 8170 23 97 0 0
GO 8171 23 97 0 0
GO 8172 23 97 0 0
GO 8173 23 97 0 0
GO 8175 23 97 0 0
GO 8176 23 97 0 0
GO 8177 23 96 0 1
GO 8186 23 97 0 0
GO 8194 23 97 0 0
GO 8198 23 97 0 0
GO 8199 23 97 0 0
GO 8213 23 97 0 0
GO 8214 1 19 22 78
GO 8216 23 47 0 50
GO 8219 23 97 0 0
GO 8233 23 97 0 0
GO 8234 23 96 0 1
GO 8235 23 97 0 0
GO 8236 23 97 0 0
GO 8237 23 97 0 0
GO 8238 23 97 0 0
GO 8239 23 96 0 1
GO 8242 23 95 0 2
GO 8252 23 97 0 0
GO 8253 23 97 0 0
GO 8254 23 97 0 0
GO 8270 23 97 0 0
GO 8271 23 96 0 1
GO 8272 23 97 0 0
GO 8273 16 61 7 36
GO 8276 23 97 0 0
GO 8284 0 1 23 96
GO 8289 23 97 0 0
GO 8295 23 47 0 50
GO 8296 23 97 0 0
GO 8297 23 97 0 0
GO 8299 23 97 0 0
GO 8301 23 97 0 0
GO 8310 23 97 0 0
GO 8312 23 95 0 2
GO 8320 23 97 0 0
GO 8324 23 97 0 0
GO 8340 1 1 22 96
GO 8360 23 97 0 0
GO 8361 23 97 0 0
GO 8374 23 97 0 0
GO 8375 23 97 0 0
GO 8378 0 1 23 96
GO 8379 23 60 0 37
GO 8380 22 94 1 3
GO 8381 23 97 0 0
GO 8406 0 1 23 96
GO 8408 23 97 0 0
GO 8409 23 97 0 0
GO 8412 23 97 0 0
GO 8413 23 96 0 1
GO 8417 0 0 23 97
GO 8425 23 97 0 0
GO 8428 23 97 0 0
GO 8441 23 81 0 16
GO 8444 23 96 0 1
GO 8446 0 15 23 82
GO 8448 21 5 2 92
GO 8452 13 1 10 96
GO 8460 12 80 11 17
GO 8463 23 96 0 1
GO 8477 23 97 0 0
GO 8478 0 15 23 82
GO 8479 23 96 0 1
GO 8483 23 97 0 0
GO 8484 0 2 23 95
GO 8490 0 15 23 82
GO 8494 22 89 1 8
GO 8495 23 97 0 0
GO 8509 23 97 0 0
GO 8512 23 96 0 1
GO 8514 23 97 0 0
GO 8519 23 97 0 0
GO 8531 23 97 0 0
GO 8534 23 97 0 0
GO 8551 21 2 2 95
GO 8553 1 1 22 96
GO 8556 16 12 7 85
GO 8565 23 97 0 0
GO 8585 0 1 23 96
GO 8592 0 1 23 96
GO 8610 23 97 0 0
GO 8614 23 97 0 0
GO 8615 23 97 0 0
GO 8616 23 97 0 0
GO 8617 1 34 22 63
GO 8630 0 1 23 96
GO 8643 23 97 0 0
GO 8645 1 12 22 85
GO 8649 23 97 0 0
GO 8650 23 97 0 0
GO 8652 23 97 0 0
GO 8653 23 97 0 0
GO 8654 23 97 0 0
GO 8655 23 97 0 0
GO 8657 23 96 0 1
GO 8658 23 97 0 0
GO 8661 23 96 0 1
GO 8663 23 92 0 5
GO 8666 23 97 0 0
GO 8671 0 8 23 89
GO 8675 23 96 0 1
GO 8676 23 97 0 0
GO 8677 22 96 1 1
GO 8681 23 96 0 1
GO 8682 23 97 0 0
GO 8683 23 94 0 3
GO 8685 23 97 0 0
GO 8686 23 95 0 2
GO 8689 23 97 0 0
GO 8692 23 97 0 0
GO 8693 23 97 0 0
GO 8694 23 97 0 0
GO 8696 23 97 0 0
GO 8700 23 96 0 1
GO 8701 0 3 23 94
GO 8703 22 97 1 0
GO 8705 23 96 0 1
GO 8710 23 97 0 0
GO 8712 7 34 16 63
GO 8713 23 97 0 0
GO 8715 0 1 23 96
GO 8716 23 96 0 1
GO 8718 0 3 23 94
GO 8719 23 74 0 23
GO 8720 23 93 0 4
GO 8721 0 5 23 92
GO 8728 23 97 0 0
GO 8732 23 96 0 1
GO 8733 1 12 22 85
GO 8734 23 97 0 0
GO 8735 22 19 1 78
GO 8741 1 12 22 85
GO 8742 1 12 22 85
GO 8743 23 97 0 0
GO 8745 23 97 0 0
GO 8746 23 54 0 43
GO 8750 23 54 0 43
GO 8753 0 1 23 96
GO 8756 23 95 0 2
GO 8757 23 97 0 0
GO 8758 23 97 0 0
GO 8759 23 97 0 0
GO 8760 23 97 0 0
GO 8761 7 13 16 84
GO 8762 23 97 0 0
GO 8763 23 97 0 0
GO 8764 23 97 0 0
GO 8765 23 97 0 0
GO 8766 23 97 0 0
GO 8767 1 7 22 90
GO 8768 22 82 1 15
GO 8770 23 96 0 1
GO 8773 23 97 0 0
GO 8774 22 95 1 2
GO 8776 23 97 0 0
GO 8777 22 62 1 35
GO 8780 23 96 0 1
GO 8781 23 97 0 0
GO 8782 23 97 0 0
GO 8783 22 61 1 36
GO 8784 23 97 0 0
GO 8785 23 96 0 1
GO 8792 23 97 0 0
GO 8794 0 3 23 94
GO 8795 23 95 0 2
GO 8796 22 97 1 0
GO 8797 1 43 22 54
GO 8798 0 1 23 96
GO 8800 14 29 9 68
GO 8801 1 14 22 83
GO 8802 21 62 2 35
GO 8803 22 97 1 0
GO 8804 0 4 23 93
GO 8808 22 65 1 32
GO 8809 22 20 1 77
GO 8810 0 1 23 96
GO 8813 23 97 0 0
GO 8817 23 96 0 1
GO 8818 23 71 0 26
GO 8819 23 90 0 7
GO 8820 23 90 0 7
GO 8821 23 97 0 0
GO 8824 0 5 23 92
GO 8825 0 1 23 96
GO 8829 23 66 0 31
GO 8830 22 66 1 31
GO 8832 23 97 0 0
GO 8833 22 35 1 62
GO 8834 23 96 0 1
GO 8835 22 97 1 0
GO 8836 23 97 0 0
GO 8837 23 96 0 1
GO 8838 0 7 23 90
GO 8839 23 97 0 0
GO 8840 23 97 0 0
GO 8841 23 97 0 0
GO 8843 0 1 23 96
GO 8852 23 97 0 0
GO 8853 23 97 0 0
GO 8854 23 97 0 0
GO 8855 23 97 0 0
GO 8861 23 96 0 1
GO 8864 21 91 2 6
GO 8879 4 47 19 50
GO 8881 23 97 0 0
GO 8882 23 97 0 0
GO 8883 23 96 0 1
GO 8884 0 1 23 96
GO 8885 0 1 23 96
GO 8888 0 7 23 90
GO 8892 0 6 23 91
GO 8893 23 97 0 0
GO 8894 23 96 0 1
GO 8897 23 95 0 2
GO 8899 23 96 0 1
GO 8902 0 16 23 81
GO 8905 0 5 23 92
GO 8907 23 97 0 0
GO 8909 23 95 0 2
GO 8914 23 96 0 1
GO 8915 23 96 0 1
GO 8920 23 97 0 0
GO 8921 0 1 23 96
GO 8923 0 2 23 95
GO 8924 0 1 23 96
GO 8925 0 3 23 94
GO 8928 0 5 23 92
GO 8930 23 97 0 0
GO 8932 23 97 0 0
GO 8933 23 97 0 0
GO 8934 23 96 0 1
GO 8935 22 95 1 2
GO 8939 23 95 0 2
GO 8940 22 97 1 0
GO 8941 4 50 19 47
GO 8942 0 1 23 96
GO 8946 23 97 0 0
GO 8948 23 97 0 0
GO 8951 0 7 23 90
GO 8955 23 97 0 0
GO 8959 21 96 2 1
GO 8961 23 36 0 61
GO 8962 23 96 0 1
GO 8963 23 97 0 0
GO 8964 23 96 0 1
GO 8965 23 97 0 0
GO 8966 23 97 0 0
GO 8967 23 97 0 0
GO 8968 0 3 23 94
GO 8973 23 95 0 2
GO 8976 23 43 0 54
GO 8977 23 96 0 1
GO 8979 5 17 18 80
GO 8982 23 95 0 2
GO 8983 23 42 0 55
GO 8984 23 95 0 2
GO 8986 23 97 0 0
GO 8987 23 97 0 0
GO 8988 23 97 0 0
GO 8989 23 96 0 1
GO 8990 23 97 0 0
GO 8995 23 95 0 2
GO 8996 23 97 0 0
GO 8997 23 97 0 0
GO 8998 23 97 0 0
GO 8999 23 97 0 0
GO 9000 23 97 0 0
GO 9002 23 97 0 0
GO 9007 23 97 0 0
GO 9008 23 97 0 0
GO 9009 23 97 0 0
GO 9011 20 75 3 22
GO 9014 22 97 1 0
GO 9015 23 96 0 1
GO 9016 23 96 0 1
GO 9017 23 97 0 0
GO 9019 22 96 1 1
GO 9020 22 65 1 32
GO 9022 23 96 0 1
GO 9026 0 2 23 95
GO 9029 23 97 0 0
GO 9030 23 97 0 0
GO 9032 23 97 0 0
GO 9033 23 62 0 35
GO 9036 23 96 0 1
GO 9037 23 97 0 0
GO 9039 6 2 17 95
GO 9041 23 97 0 0
GO 9042 22 26 1 71
GO 9045 0 9 23 88
GO 9052 23 97 0 0
GO 9055 23 97 0 0
GO 9056 23 97 0 0
GO 9057 23 97 0 0
GO 9058 23 97 0 0
GO 9059 23 97 0 0
GO 9060 23 97 0 0
GO 9061 23 97 0 0
GO 9062 23 97 0 0
GO 9063 23 97 0 0
GO 9064 23 97 0 0
GO 9065 23 97 0 0
GO 9066 23 97 0 0
GO 9067 23 97 0 0
GO 9068 23 97 0 0
GO 9069 23 97 0 0
GO 9070 23 97 0 0
GO 9071 23 97 0 0
GO 9072 23 97 0 0
GO 9073 23 97 0 0
GO 9074 23 96 0 1
GO 9078 23 97 0 0
GO 9079 23 95 0 2
GO 9080 23 97 0 0
GO 9081 23 97 0 0
GO 9082 23 97 0 0
GO 9084 23 97 0 0
GO 9085 23 97 0 0
GO 9086 23 97 0 0
GO 9088 23 97 0 0
GO 9089 23 97 0 0
GO 9090 23 97 0 0
GO 9092 23 97 0 0
GO 9093 21 97 2 0
GO 9094 23 97 0 0
GO 9095 23 97 0 0
GO 9097 23 97 0 0
GO 9098 23 97 0 0
GO 9099 23 96 0 1
GO 9100 21 97 2 0
GO 9101 21 97 2 0
GO 9102 23 97 0 0
GO 9103 23 97 0 0
GO 9106 23 97 0 0
GO 9107 23 97 0 0
GO 9108 23 97 0 0
GO 9110 23 97 0 0
GO 9112 23 97 0 0
GO 9113 23 97 0 0
GO 9114 0 7 23 90
GO 9116 23 97 0 0
GO 9117 23 97 0 0
GO 9119 23 97 0 0
GO 9120 23 97 0 0
GO 9123 23 97 0 0
GO 9124 23 97 0 0
GO 9125 23 97 0 0
GO 9126 23 97 0 0
GO 9127 23 97 0 0
GO 9129 23 97 0 0
GO 9130 23 97 0 0
GO 9131 23 97 0 0
GO 9132 23 97 0 0
GO 9133 23 97 0 0
GO 9135 23 97 0 0
GO 9136 22 96 1 1
GO 9138 23 96 0 1
GO 9139 23 96 0 1
GO 9141 23 97 0 0
GO 9142 23 97 0 0
GO 9143 23 97 0 0
GO 9144 23 97 0 0
GO 9145 23 97 0 0
GO 9146 23 97 0 0
GO 9147 23 97 0 0
GO 9148 23 97 0 0
GO 9149 23 97 0 0
GO 9150 23 97 0 0
GO 9151 23 97 0 0
GO 9152 23 97 0 0
GO 9155 23 97 0 0
GO 9156 23 97 0 0
GO 9157 23 97 0 0
GO 9158 23 97 0 0
GO 9161 23 97 0 0
GO 9162 23 97 0 0
GO 9163 23 97 0 0
GO 9164 23 97 0 0
GO 9165 23 97 0 0
GO 9166 23 97 0 0
GO 9167 23 97 0 0
GO 9168 23 97 0 0
GO 9173 23 97 0 0
GO 9174 23 97 0 0
GO 9175 23 97 0 0
GO 9176 23 96 0 1
GO 9177 23 96 0 1
GO 9179 23 97 0 0
GO 9180 22 96 1 1
GO 9185 23 97 0 0
GO 9186 23 96 0 1
GO 9187 23 94 0 3
GO 9188 22 96 1 1
GO 9189 23 96 0 1
GO 9190 23 94 0 3
GO 9196 23 96 0 1
GO 9197 23 96 0 1
GO 9199 23 97 0 0
GO 9200 23 97 0 0
GO 9201 23 97 0 0
GO 9202 23 96 0 1
GO 9203 23 97 0 0
GO 9204 23 97 0 0
GO 9205 23 97 0 0
GO 9206 23 97 0 0
GO 9208 23 97 0 0
GO 9209 23 97 0 0
GO 9210 23 97 0 0
GO 9211 23 97 0 0
GO 9212 23 96 0 1
GO 9213 23 97 0 0
GO 9214 1 6 22 91
GO 9215 23 97 0 0
GO 9217 23 97 0 0
GO 9218 23 97 0 0
GO 9219 23 97 0 0
GO 9220 23 97 0 0
GO 9221 23 97 0 0
GO 9222 23 97 0 0
GO 9223 23 97 0 0
GO 9224 23 97 0 0
GO 9225 23 97 0 0
GO 9226 23 97 0 0
GO 9228 23 97 0 0
GO 9229 23 97 0 0
GO 9231 23 97 0 0
GO 9233 23 97 0 0
GO 9234 23 97 0 0
GO 9235 23 97 0 0
GO 9236 23 97 0 0
GO 9237 0 1 23 96
GO 9238 0 1 23 96
GO 9239 0 1 23 96
GO 9240 23 97 0 0
GO 9242 1 30 22 67
GO 9243 4 19 19 78
GO 9244 23 97 0 0
GO 9245 23 97 0 0
GO 9246 7 32 16 65
GO 9247 23 97 0 0
GO 9249 23 97 0 0
GO 9250 23 97 0 0
GO 9251 0 30 23 67
GO 9252 23 97 0 0
GO 9253 23 97 0 0
GO 9254 23 97 0 0
GO 9256 23 96 0 1
GO 9257 23 96 0 1
GO 9259 23 97 0 0
GO 9260 23 97 0 0
GO 9261 23 97 0 0
GO 9262 23 97 0 0
GO 9263 23 97 0 0
GO 9264 23 97 0 0
GO 9265 23 97 0 0
GO 9266 23 97 0 0
GO 9267 23 97 0 0
GO 9268 23 97 0 0
GO 9271 23 97 0 0
GO 9272 0 2 23 95
GO 9273 23 97 0 0
GO 9274 23 97 0 0
GO 9276 23 97 0 0
GO 9279 23 97 0 0
GO 9288 23 97 0 0
GO 9289 16 50 7 47
GO 9292 0 4 23 93
GO 9294 0 4 23 93
GO 9295 23 97 0 0
GO 9297 23 97 0 0
GO 9305 23 97 0 0
GO 9306 23 97 0 0
GO 9308 23 97 0 0
GO 9309 23 97 0 0
GO 9310 22 19 1 78
GO 9311 23 97 0 0
GO 9312 23 97 0 0
GO 9313 0 28 23 69
GO 9314 23 97 0 0
GO 9316 23 96 0 1
GO 9318 23 97 0 0
GO 9319 1 56 22 41
GO 9321 23 96 0 1
GO 9322 23 62 0 35
GO 9324 0 3 23 94
GO 9325 21 86 2 11
GO 9326 23 35 0 62
GO 9328 23 95 0 2
GO 9330 23 97 0 0
GO 9331 0 4 23 93
GO 9333 23 97 0 0
GO 9337 23 97 0 0
GO 9338 23 97 0 0
GO 9344 0 1 23 96
GO 9350 0 1 23 96
GO 9355 4 78 19 19
GO 9358 23 43 0 54
GO 9360 23 97 0 0
GO 9361 23 96 0 1
GO 9366 0 1 23 96
GO 9372 23 97 0 0
GO 9374 23 97 0 0
GO 9376 23 97 0 0
GO 9378 23 97 0 0
GO 9379 23 97 0 0
GO 9380 23 97 0 0
GO 9381 23 97 0 0
GO 9382 23 97 0 0
GO 9383 23 97 0 0
GO 9384 0 5 23 92
GO 9392 23 97 0 0
GO 9394 23 97 0 0
GO 9395 0 1 23 96
GO 9396 23 97 0 0
GO 9401 23 97 0 0
GO 9403 23 97 0 0
GO 9404 23 97 0 0
GO 9405 23 97 0 0
GO 9407 23 94 0 3
GO 9408 23 97 0 0
GO 9409 23 97 0 0
GO 9410 22 95 1 2
GO 9411 23 97 0 0
GO 9415 0 4 23 93
GO 9416 23 97 0 0
GO 9420 22 95 1 2
GO 9421 22 95 1 2
GO 9423 23 97 0 0
GO 9424 23 97 0 0
GO 9425 23 97 0 0
GO 9432 23 97 0 0
GO 9435 23 97 0 0
GO 9436 0 37 23 60
GO 9437 22 22 1 75
GO 9438 23 97 0 0
GO 9439 14 8 9 89
GO 9440 14 8 9 89
GO 9442 0 3 23 94
GO 9443 23 97 0 0
GO 9445 23 97 0 0
GO 9446 23 97 0 0
GO 9447 0 2 23 95
GO 9448 23 53 0 44
GO 9450 23 53 0 44
GO 9451 23 97 0 0
GO 9486 1 56 22 41
GO 9507 1 1 22 96
GO 9532 0 1 23 96
GO 9536 1 1 22 96
GO 9547 0 1 23 96
GO 9570 0 1 23 96
GO 9593 14 1 9 96
GO 9597 0 7 23 90
GO 9605 23 97 0 0
GO 9607 23 97 0 0
GO 9615 23 97 0 0
GO 9617 0 2 23 95
GO 9620 0 1 23 96
GO 9628 23 97 0 0
GO 9635 22 4 1 93
GO 9636 23 97 0 0
GO 9651 23 97 0 0
GO 9653 0 4 23 93
GO 9675 23 96 0 1
GO 9712 0 1 23 96
GO 9713 0 1 23 96
GO 9719 23 97 0 0
GO 9725 0 1 23 96
GO 9737 0 1 23 96
GO 9738 0 1 23 96
GO 9755 0 1 23 96
GO 9787 0 1 23 96
GO 9788 0 1 23 96
GO 9790 0 1 23 96
GO 9847 0 1 23 96
GO 9850 0 2 23 95
GO 9852 0 2 23 95
GO 9888 0 1 23 96
GO 9889 23 97 0 0
GO 9890 23 97 0 0
GO 9891 23 97 0 0
GO 9892 23 97 0 0
GO 9893 23 97 0 0
GO 9894 23 97 0 0
GO 9895 23 97 0 0
GO 9896 23 97 0 0
GO 9897 23 97 0 0
GO 9898 23 97 0 0
GO 9927 23 97 0 0
GO 9966 0 2 23 95
GO 9967 0 1 23 96
GO 9968 0 1 23 96
GO 9970 23 96 0 1
GO 9972 23 96 0 1
GO 9975 23 94 0 3
GO 9977 23 97 0 0
GO 9982 23 97 0 0
GO 9986 23 97 0 0
GO 9987 23 97 0 0
GO 9991 23 97 0 0
GO 9992 23 95 0 2
GO 10008 0 1 23 96
GO 10033 23 97 0 0
GO 10035 23 97 0 0
GO 10038 23 97 0 0
GO 10039 23 78 0 19
GO 10041 0 3 23 94
GO 10043 21 6 2 91
GO 10106 23 97 0 0
GO 10124 0 2 23 95
GO 10139 23 83 0 14
GO 10165 23 97 0 0
GO 10167 23 95 0 2
GO 10181 23 97 0 0
GO 10212 23 97 0 0
GO 10225 0 1 23 96
GO 10226 23 97 0 0
GO 10243 23 97 0 0
GO 10257 0 1 23 96
GO 10259 1 1 22 96
GO 10272 23 65 0 32
GO 10273 23 59 0 38
GO 10312 21 2 2 95
GO 10326 0 10 23 87
GO 10332 23 97 0 0
GO 10340 23 97 0 0
GO 10350 1 29 22 68
GO 10383 0 2 23 95
GO 10385 23 96 0 1
GO 10447 0 15 23 82
GO 10466 23 91 0 6
GO 10467 23 97 0 0
GO 10468 23 97 0 0
GO 10469 0 1 23 96
GO 10487 22 16 1 81
GO 10498 23 96 0 1
GO 10499 0 0 23 97
GO 10501 23 97 0 0
GO 10528 23 97 0 0
GO 10556 23 97 0 0
GO 10557 23 97 0 0
GO 10558 23 97 0 0
GO 10562 23 97 0 0
GO 10563 23 97 0 0
GO 10564 23 97 0 0
GO 10565 23 97 0 0
GO 10604 23 97 0 0
GO 10605 23 97 0 0
GO 10608 23 97 0 0
GO 10628 23 97 0 0
GO 10629 23 97 0 0
GO 10639 23 96 0 1
GO 10646 0 2 23 95
GO 10647 0 1 23 96
GO 10648 0 1 23 96
GO 10675 23 97 0 0
GO 10676 23 95 0 2
GO 10677 23 94 0 3
GO 10699 23 97 0 0
GO 10755 1 43 22 54
GO 10756 1 43 22 54
GO 10810 23 97 0 0
GO 10817 0 2 23 95
GO 10876 23 97 0 0
GO 10906 23 97 0 0
GO 10907 23 95 0 2
GO 10911 23 96 0 1
GO 10921 0 27 23 70
GO 10941 1 1 22 96
GO 10948 23 97 0 0
GO 10951 23 91 0 6
GO 10954 1 43 22 54
GO 10958 23 96 0 1
GO 10962 23 94 0 3
GO 10966 23 97 0 0
GO 10974 23 97 0 0
GO 10981 0 1 23 96
GO 12501 23 97 0 0
GO 12505 1 1 22 96
GO 14070 23 97 0 0
GO 15002 2 58 21 39
GO 15020 1 1 22 96
GO 15031 23 97 0 0
GO 15035 23 97 0 0
GO 15036 23 97 0 0
GO 15037 23 96 0 1
GO 15038 23 96 0 1
GO 15044 0 35 23 62
GO 15046 0 1 23 96
GO 15074 23 97 0 0
GO 15075 23 97 0 0
GO 15077 23 97 0 0
GO 15078 23 97 0 0
GO 15079 23 97 0 0
GO 15080 23 59 0 38
GO 15081 23 97 0 0
GO 15085 16 61 7 36
GO 15086 23 97 0 0
GO 15087 23 96 0 1
GO 15093 23 97 0 0
GO 15094 21 2 2 95
GO 15095 23 96 0 1
GO 15098 23 27 0 70
GO 15099 23 96 0 1
GO 15101 23 97 0 0
GO 15103 23 97 0 0
GO 15104 0 15 23 82
GO 15105 0 15 23 82
GO 15114 23 97 0 0
GO 15116 23 97 0 0
GO 15123 2 81 21 16
GO 15128 0 4 23 93
GO 15133 0 1 23 96
GO 15134 0 1 23 96
GO 15138 23 90 0 7
GO 15141 23 90 0 7
GO 15144 23 97 0 0
GO 15145 1 28 22 69
GO 15146 0 17 23 80
GO 15148 0 5 23 92
GO 15171 23 97 0 0
GO 15172 23 61 0 36
GO 15173 21 97 2 0
GO 15174 0 13 23 84
GO 15175 23 97 0 0
GO 15179 23 97 0 0
GO 15181 0 12 23 85
GO 15183 23 61 0 36
GO 15184 23 44 0 53
GO 15188 0 1 23 96
GO 15189 0 1 23 96
GO 15190 0 2 23 95
GO 15191 23 91 0 6
GO 15192 0 6 23 91
GO 15195 0 18 23 79
GO 15196 21 97 2 0
GO 15199 21 3 2 94
GO 15203 23 97 0 0
GO 15205 23 95 0 2
GO 15207 0 8 23 89
GO 15210 23 94 0 3
GO 15212 16 1 7 96
GO 15213 16 1 7 96
GO 15214 16 1 7 96
GO 15220 21 3 2 94
GO 15221 23 97 0 0
GO 15226 21 17 2 80
GO 15232 23 94 0 3
GO 15233 21 19 2 78
GO 15238 23 97 0 0
GO 15250 18 50 5 47
GO 15267 23 97 0 0
GO 15288 23 97 0 0
GO 15291 23 97 0 0
GO 15292 0 3 23 94
GO 15293 23 97 0 0
GO 15294 23 97 0 0
GO 15295 23 97 0 0
GO 15296 23 96 0 1
GO 15297 23 97 0 0
GO 15298 23 97 0 0
GO 15299 23 97 0 0
GO 15307 21 3 2 94
GO 15318 23 97 0 0
GO 15333 23 45 0 52
GO 15341 23 97 0 0
GO 15355 2 81 21 16
GO 15360 2 81 21 16
GO 15368 16 61 7 36
GO 15370 23 96 0 1
GO 15385 23 97 0 0
GO 15386 23 90 0 7
GO 15399 23 97 0 0
GO 15405 23 97 0 0
GO 15407 0 12 23 85
GO 15412 23 27 0 70
GO 15415 23 97 0 0
GO 15419 1 32 22 65
GO 15437 23 97 0 0
GO 15440 23 96 0 1
GO 15450 23 97 0 0
GO 15453 1 56 22 41
GO 15462 23 96 0 1
GO 15471 23 92 0 5
GO 15473 1 29 22 68
GO 15489 23 97 0 0
GO 15490 0 1 23 96
GO 15491 23 97 0 0
GO 15496 23 34 0 63
GO 15499 0 14 23 83
GO 15501 1 72 22 25
GO 15503 23 32 0 65
GO 15506 16 1 7 96
GO 15519 0 5 23 92
GO 15546 0 3 23 94
GO 15556 23 95 0 2
GO 15562 23 97 0 0
GO 15565 0 18 23 79
GO 15591 0 12 23 85
GO 15606 21 1 2 96
GO 15608 0 12 23 85
GO 15611 0 12 23 85
GO 15616 23 97 0 0
GO 15628 23 97 0 0
GO 15643 23 97 0 0
GO 15645 0 1 23 96
GO 15647 23 97 0 0
GO 15648 23 97 0 0
GO 15651 22 19 1 78
GO 15654 23 30 0 67
GO 15658 0 2 23 95
GO 15662 23 61 0 36
GO 15666 23 96 0 1
GO 15669 0 1 23 96
GO 15671 0 1 23 96
GO 15672 23 97 0 0
GO 15675 23 96 0 1
GO 15677 1 5 22 92
GO 15684 23 97 0 0
GO 15688 23 97 0 0
GO 15689 23 27 0 70
GO 15691 23 97 0 0
GO 15692 21 2 2 95
GO 15693 23 96 0 1
GO 15695 23 97 0 0
GO 15696 23 97 0 0
GO 15697 23 47 0 50
GO 15698 23 97 0 0
GO 15699 0 15 23 82
GO 15700 0 15 23 82
GO 15706 0 2 23 95
GO 15709 1 29 22 68
GO 15710 23 30 0 67
GO 15711 23 97 0 0
GO 15718 22 87 1 10
GO 15724 0 14 23 83
GO 15735 0 1 23 96
GO 15736 0 1 23 96
GO 15740 23 97 0 0
GO 15741 23 90 0 7
GO 15744 23 97 0 0
GO 15748 23 97 0 0
GO 15749 1 28 22 69
GO 15750 0 17 23 80
GO 15752 0 12 23 85
GO 15753 0 5 23 92
GO 15757 1 12 22 85
GO 15766 0 1 23 96
GO 15771 0 1 23 96
GO 15772 0 1 23 96
GO 15778 0 1 23 96
GO 15800 23 61 0 36
GO 15801 21 97 2 0
GO 15802 0 14 23 83
GO 15803 23 91 0 6
GO 15804 23 97 0 0
GO 15807 23 97 0 0
GO 15809 0 14 23 83
GO 15810 23 61 0 36
GO 15811 23 44 0 53
GO 15818 23 91 0 6
GO 15820 23 91 0 6
GO 15821 23 91 0 6
GO 15822 23 34 0 63
GO 15823 0 6 23 91
GO 15826 0 18 23 79
GO 15827 21 97 2 0
GO 15828 0 6 23 91
GO 15829 23 91 0 6
GO 15833 23 97 0 0
GO 15835 23 97 0 0
GO 15836 23 97 0 0
GO 15837 1 28 22 69
GO 15838 23 47 0 50
GO 15839 0 1 23 96
GO 15846 23 97 0 0
GO 15847 23 97 0 0
GO 15848 21 1 2 96
GO 15849 23 97 0 0
GO 15850 23 97 0 0
GO 15851 23 95 0 2
GO 15853 0 8 23 89
GO 15855 23 94 0 3
GO 15857 23 94 0 3
GO 15858 23 97 0 0
GO 15861 16 1 7 96
GO 15862 16 1 7 96
GO 15864 16 1 7 96
GO 15871 22 31 1 66
GO 15879 21 17 2 80
GO 15886 23 95 0 2
GO 15887 21 19 2 78
GO 15889 23 96 0 1
GO 15891 23 97 0 0
GO 15893 23 97 0 0
GO 15906 0 3 23 94
GO 15914 23 97 0 0
GO 15920 23 97 0 0
GO 15922 23 97 0 0
GO 15926 0 34 23 63
GO 15929 23 96 0 1
GO 15930 23 96 0 1
GO 15931 23 97 0 0
GO 15932 23 97 0 0
GO 15934 23 97 0 0
GO 15935 23 97 0 0
GO 15936 23 97 0 0
GO 15937 23 97 0 0
GO 15939 23 97 0 0
GO 15940 23 97 0 0
GO 15942 23 94 0 3
GO 15944 23 35 0 62
GO 15949 23 97 0 0
GO 15950 22 96 1 1
GO 15951 22 96 1 1
GO 15968 22 93 1 4
GO 15969 23 97 0 0
GO 15976 23 97 0 0
GO 15980 23 97 0 0
GO 15985 23 97 0 0
GO 15986 23 97 0 0
GO 15988 2 63 21 34
GO 15990 2 63 21 34
GO 16002 23 97 0 0
GO 16020 23 97 0 0
GO 16021 23 97 0 0
GO 16024 23 97 0 0
GO 16032 23 97 0 0
GO 16034 23 95 0 2
GO 16036 23 97 0 0
GO 16042 23 97 0 0
GO 16043 23 97 0 0
GO 16049 23 56 0 41
GO 16050 0 1 23 96
GO 16051 23 97 0 0
GO 16052 23 97 0 0
GO 16053 23 97 0 0
GO 16054 23 97 0 0
GO 16064 0 1 23 96
GO 16070 23 97 0 0
GO 16071 23 97 0 0
GO 16072 23 97 0 0
GO 16075 23 96 0 1
GO 16078 0 1 23 96
GO 16093 23 97 0 0
GO 16094 23 97 0 0
GO 16108 0 2 23 95
GO 16109 0 2 23 95
GO 16114 23 97 0 0
GO 16116 0 2 23 95
GO 16117 0 2 23 95
GO 16149 23 97 0 0
GO 16150 23 97 0 0
GO 16151 23 97 0 0
GO 16153 23 93 0 4
GO 16154 1 74 22 23
GO 16160 0 1 23 96
GO 16192 0 1 23 96
GO 16197 0 1 23 96
GO 16208 22 96 1 1
GO 16209 23 97 0 0
GO 16211 23 97 0 0
GO 16226 23 97 0 0
GO 16246 23 95 0 2
GO 16259 23 97 0 0
GO 16260 23 97 0 0
GO 16278 23 97 0 0
GO 16279 23 97 0 0
GO 16289 23 97 0 0
GO 16290 22 96 1 1
GO 16298 23 97 0 0
GO 16300 23 97 0 0
GO 16301 23 97 0 0
GO 16310 23 97 0 0
GO 16311 23 97 0 0
GO 16405 23 97 0 0
GO 16407 23 97 0 0
GO 16408 23 97 0 0
GO 16410 23 97 0 0
GO 16411 22 97 1 0
GO 16413 0 3 23 94
GO 16415 23 97 0 0
GO 16417 23 97 0 0
GO 16418 23 80 0 17
GO 16419 23 97 0 0
GO 16420 23 97 0 0
GO 16421 23 56 0 41
GO 16423 23 97 0 0
GO 16426 23 97 0 0
GO 16427 23 97 0 0
GO 16430 23 97 0 0
GO 16433 23 97 0 0
GO 16434 23 97 0 0
GO 16435 23 97 0 0
GO 16436 23 97 0 0
GO 16437 22 97 1 0
GO 16441 23 95 0 2
GO 16453 23 97 0 0
GO 16458 23 95 0 2
GO 16462 23 97 0 0
GO 16463 21 2 2 95
GO 16465 23 97 0 0
GO 16469 23 97 0 0
GO 16482 0 1 23 96
GO 16485 23 97 0 0
GO 16491 23 97 0 0
GO 16530 23 97 0 0
GO 16540 0 2 23 95
GO 16553 23 97 0 0
GO 16556 23 97 0 0
GO 16567 0 3 23 94
GO 16597 23 97 0 0
GO 16598 23 96 0 1
GO 16614 23 97 0 0
GO 16615 23 97 0 0
GO 16616 23 97 0 0
GO 16620 23 97 0 0
GO 16624 23 96 0 1
GO 16627 23 97 0 0
GO 16628 23 97 0 0
GO 16634 23 97 0 0
GO 16635 23 97 0 0
GO 16638 23 97 0 0
GO 16639 23 96 0 1
GO 16641 23 97 0 0
GO 16642 23 97 0 0
GO 16645 23 97 0 0
GO 16646 23 97 0 0
GO 16651 23 97 0 0
GO 16652 23 54 0 43
GO 16655 23 97 0 0
GO 16657 23 97 0 0
GO 16661 23 97 0 0
GO 16662 23 85 0 12
GO 16667 23 97 0 0
GO 16668 23 97 0 0
GO 16669 23 71 0 26
GO 16671 23 97 0 0
GO 16672 23 97 0 0
GO 16673 23 97 0 0
GO 16675 23 97 0 0
GO 16676 1 2 22 95
GO 16679 23 97 0 0
GO 16682 23 96 0 1
GO 16684 23 97 0 0
GO 16695 0 1 23 96
GO 16701 23 96 0 1
GO 16702 23 96 0 1
GO 16705 23 97 0 0
GO 16706 23 93 0 4
GO 16708 4 50 19 47
GO 16709 0 1 23 96
GO 16713 0 6 23 91
GO 16714 23 95 0 2
GO 16721 23 96 0 1
GO 16722 23 97 0 0
GO 16724 23 97 0 0
GO 16725 23 97 0 0
GO 16726 0 8 23 89
GO 16728 23 97 0 0
GO 16730 23 97 0 0
GO 16731 23 97 0 0
GO 16740 23 97 0 0
GO 16741 23 97 0 0
GO 16742 23 97 0 0
GO 16743 23 97 0 0
GO 16744 23 97 0 0
GO 16746 23 97 0 0
GO 16747 23 97 0 0
GO 16748 23 97 0 0
GO 16749 23 97 0 0
GO 16750 23 96 0 1
GO 16751 23 97 0 0
GO 16755 23 97 0 0
GO 16757 23 97 0 0
GO 16758 23 97 0 0
GO 16763 23 97 0 0
GO 16765 23 97 0 0
GO 16769 23 97 0 0
GO 16772 23 97 0 0
GO 16773 23 97 0 0
GO 16774 23 97 0 0
GO 16775 23 97 0 0
GO 16776 23 97 0 0
GO 16778 23 97 0 0
GO 16779 23 97 0 0
GO 16780 23 97 0 0
GO 16781 23 97 0 0
GO 16782 23 97 0 0
GO 16783 23 97 0 0
GO 16785 23 91 0 6
GO 16787 23 97 0 0
GO 16788 23 97 0 0
GO 16790 23 97 0 0
GO 16791 23 97 0 0
GO 16793 23 97 0 0
GO 16794 23 97 0 0
GO 16796 23 97 0 0
GO 16798 23 97 0 0
GO 16799 23 97 0 0
GO 16801 0 3 23 94
GO 16802 0 1 23 96
GO 16803 0 2 23 95
GO 16805 23 97 0 0
GO 16807 23 96 0 1
GO 16810 23 97 0 0
GO 16811 23 97 0 0
GO 16812 14 95 9 2
GO 16813 23 97 0 0
GO 16814 23 97 0 0
GO 16817 23 97 0 0
GO 16818 23 97 0 0
GO 16822 0 5 23 92
GO 16823 0 5 23 92
GO 16829 23 97 0 0
GO 16830 23 97 0 0
GO 16831 23 97 0 0
GO 16832 23 97 0 0
GO 16833 23 97 0 0
GO 16835 23 97 0 0
GO 16836 23 97 0 0
GO 16838 23 97 0 0
GO 16840 23 97 0 0
GO 16841 23 97 0 0
GO 16842 23 94 0 3
GO 16846 23 97 0 0
GO 16849 23 97 0 0
GO 16853 23 97 0 0
GO 16854 23 97 0 0
GO 16855 23 97 0 0
GO 16856 23 97 0 0
GO 16857 23 97 0 0
GO 16859 23 97 0 0
GO 16860 23 97 0 0
GO 16861 23 97 0 0
GO 16862 23 97 0 0
GO 16863 23 97 0 0
GO 16864 23 97 0 0
GO 16866 23 97 0 0
GO 16868 23 97 0 0
GO 16869 23 97 0 0
GO 16874 23 97 0 0
GO 16875 23 97 0 0
GO 16877 23 97 0 0
GO 16878 23 97 0 0
GO 16879 23 97 0 0
GO 16880 23 97 0 0
GO 16881 23 97 0 0
GO 16882 23 97 0 0
GO 16884 23 97 0 0
GO 16885 23 56 0 41
GO 16886 23 97 0 0
GO 16887 23 97 0 0
GO 16888 23 97 0 0
GO 16889 23 97 0 0
GO 16891 23 97 0 0
GO 16892 23 96 0 1
GO 16893 23 97 0 0
GO 16894 23 97 0 0
GO 16895 23 97 0 0
GO 16896 23 97 0 0
GO 16898 0 3 23 94
GO 16901 1 38 22 59
GO 16903 23 97 0 0
GO 16966 0 10 23 87
GO 16979 23 97 0 0
GO 16987 23 97 0 0
GO 16989 23 97 0 0
GO 16992 23 97 0 0
GO 16997 0 1 23 96
GO 16998 23 94 0 3
GO 16999 23 97 0 0
GO 17000 23 97 0 0
GO 17001 23 97 0 0
GO 17003 23 95 0 2
GO 17004 23 97 0 0
GO 17006 23 95 0 2
GO 17013 21 96 2 1
GO 17016 0 1 23 96
GO 17038 23 97 0 0
GO 17053 23 97 0 0
GO 17076 23 97 0 0
GO 17089 23 97 0 0
GO 17108 23 96 0 1
GO 17110 23 97 0 0
GO 17111 23 97 0 0
GO 17116 23 97 0 0
GO 17117 23 97 0 0
GO 17118 0 1 23 96
GO 17137 0 1 23 96
GO 17144 23 97 0 0
GO 17148 23 97 0 0
GO 17150 23 97 0 0
GO 17151 23 95 0 2
GO 17153 23 96 0 1
GO 17169 23 97 0 0
GO 17171 23 97 0 0
GO 17189 23 97 0 0
GO 18011 23 97 0 0
GO 18012 23 97 0 0
GO 18022 23 97 0 0
GO 18023 23 97 0 0
GO 18063 23 95 0 2
GO 18065 23 97 0 0
GO 18070 23 95 0 2
GO 18104 23 65 0 32
GO 18105 23 96 0 1
GO 18106 23 97 0 0
GO 18108 0 7 23 90
GO 18117 1 11 22 86
GO 18130 23 97 0 0
GO 18131 22 97 1 0
GO 18149 12 4 11 93
GO 18153 12 4 11 93
GO 18160 23 97 0 0
GO 18169 23 69 0 28
GO 18175 1 11 22 86
GO 18189 0 5 23 92
GO 18193 23 97 0 0
GO 18194 23 97 0 0
GO 18195 23 95 0 2
GO 18197 23 95 0 2
GO 18198 23 97 0 0
GO 18199 12 4 11 93
GO 18202 23 97 0 0
GO 18205 23 97 0 0
GO 18206 23 97 0 0
GO 18208 23 97 0 0
GO 18209 23 97 0 0
GO 18212 0 12 23 85
GO 18215 23 95 0 2
GO 18246 0 1 23 96
GO 18247 0 1 23 96
GO 18249 23 86 0 11
GO 18262 12 4 11 93
GO 18271 23 97 0 0
GO 18277 1 19 22 78
GO 18282 23 97 0 0
GO 18283 23 97 0 0
GO 18293 21 96 2 1
GO 18298 23 82 0 15
GO 18307 23 96 0 1
GO 18335 0 0 23 97
GO 18339 23 95 0 2
GO 18345 0 0 23 97
GO 18364 23 97 0 0
GO 18378 2 0 21 97
GO 18393 23 95 0 2
GO 18394 23 97 0 0
GO 18410 23 69 0 28
GO 18455 1 15 22 82
GO 18545 23 45 0 52
GO 18685 0 6 23 91
GO 18741 0 2 23 95
GO 18756 0 6 23 91
GO 18909 0 2 23 95
GO 18918 0 1 23 96
GO 18958 0 2 23 95
GO 18973 23 45 0 52
GO 18974 23 45 0 52
GO 18995 12 4 11 93
GO 19001 23 97 0 0
GO 19003 23 97 0 0
GO 19012 7 23 16 74
GO 19015 5 17 18 80
GO 19028 0 2 23 95
GO 19038 5 17 18 80
GO 19042 23 96 0 1
GO 19043 5 17 18 80
GO 19045 23 96 0 1
GO 19046 23 96 0 1
GO 19048 4 31 19 66
GO 19058 23 97 0 0
GO 19062 0 1 23 96
GO 19068 23 97 0 0
GO 19072 0 1 23 96
GO 19073 0 1 23 96
GO 19076 4 31 19 66
GO 19080 0 1 23 96
GO 19083 0 1 23 96
GO 19103 23 97 0 0
GO 19104 23 97 0 0
GO 19134 23 97 0 0
GO 19136 23 97 0 0
GO 19143 23 97 0 0
GO 19144 23 97 0 0
GO 19146 23 97 0 0
GO 19147 0 7 23 90
GO 19168 23 97 0 0
GO 19171 23 97 0 0
GO 19172 0 43 23 54
GO 19180 1 0 22 97
GO 19184 23 97 0 0
GO 19197 23 95 0 2
GO 19200 23 97 0 0
GO 19202 23 97 0 0
GO 19203 23 96 0 1
GO 19205 23 97 0 0
GO 19206 23 97 0 0
GO 19207 23 97 0 0
GO 19209 23 97 0 0
GO 19213 23 97 0 0
GO 19216 23 97 0 0
GO 19217 23 97 0 0
GO 19219 23 97 0 0
GO 19220 23 97 0 0
GO 19222 23 97 0 0
GO 19238 23 97 0 0
GO 19239 23 97 0 0
GO 19243 23 97 0 0
GO 19249 0 43 23 54
GO 19250 23 96 0 1
GO 19262 0 5 23 92
GO 19264 23 96 0 1
GO 19272 23 95 0 2
GO 19284 23 97 0 0
GO 19285 21 62 2 35
GO 19288 23 97 0 0
GO 19290 0 1 23 96
GO 19294 23 97 0 0
GO 19299 0 2 23 95
GO 19300 0 2 23 95
GO 19303 23 74 0 23
GO 19305 0 2 23 95
GO 19318 23 97 0 0
GO 19319 23 97 0 0
GO 19320 23 97 0 0
GO 19321 23 97 0 0
GO 19323 23 96 0 1
GO 19324 1 12 22 85
GO 19326 23 45 0 52
GO 19336 0 1 23 96
GO 19344 23 97 0 0
GO 19353 23 97 0 0
GO 19355 23 97 0 0
GO 19359 23 97 0 0
GO 19362 23 97 0 0
GO 19363 23 97 0 0
GO 19365 23 97 0 0
GO 19377 0 1 23 96
GO 19379 23 96 0 1
GO 19388 23 97 0 0
GO 19392 0 1 23 96
GO 19394 0 1 23 96
GO 19395 23 97 0 0
GO 19396 0 1 23 96
GO 19400 23 97 0 0
GO 19405 23 97 0 0
GO 19413 23 96 0 1
GO 19417 23 97 0 0
GO 19419 23 97 0 0
GO 19427 23 97 0 0
GO 19430 23 96 0 1
GO 19438 23 97 0 0
GO 19439 23 97 0 0
GO 19441 22 17 1 80
GO 19442 22 17 1 80
GO 19448 21 97 2 0
GO 19450 21 97 2 0
GO 19464 23 97 0 0
GO 19477 23 53 0 44
GO 19478 23 96 0 1
GO 19509 23 97 0 0
GO 19516 0 3 23 94
GO 19520 23 97 0 0
GO 19521 23 97 0 0
GO 19523 1 22 22 75
GO 19538 23 97 0 0
GO 19540 0 1 23 96
GO 19541 23 97 0 0
GO 19542 23 96 0 1
GO 19543 23 97 0 0
GO 19546 0 4 23 93
GO 19563 23 97 0 0
GO 19566 1 12 22 85
GO 19568 1 12 22 85
GO 19569 1 12 22 85
GO 19572 1 12 22 85
GO 19577 0 1 23 96
GO 19579 0 1 23 96
GO 19580 0 1 23 96
GO 19583 0 8 23 89
GO 19584 0 8 23 89
GO 19585 0 1 23 96
GO 19586 0 3 23 94
GO 19588 0 7 23 90
GO 19626 23 97 0 0
GO 19627 23 97 0 0
GO 19628 0 1 23 96
GO 19629 23 97 0 0
GO 19632 23 97 0 0
GO 19634 1 29 22 68
GO 19637 23 97 0 0
GO 19645 23 81 0 16
GO 19646 23 97 0 0
GO 19660 23 93 0 4
GO 19662 0 7 23 90
GO 19664 23 93 0 4
GO 19666 23 93 0 4
GO 19674 23 97 0 0
GO 19676 23 97 0 0
GO 19679 23 97 0 0
GO 19682 23 97 0 0
GO 19686 23 97 0 0
GO 19692 23 97 0 0
GO 19693 23 97 0 0
GO 19695 21 62 2 35
GO 19698 0 3 23 94
GO 19720 23 97 0 0
GO 19724 0 1 23 96
GO 19725 23 97 0 0
GO 19730 0 1 23 96
GO 19740 23 97 0 0
GO 19747 23 91 0 6
GO 19748 23 97 0 0
GO 19751 23 97 0 0
GO 19752 23 97 0 0
GO 19787 0 3 23 94
GO 19805 23 97 0 0
GO 19825 0 10 23 87
GO 19826 0 9 23 88
GO 19829 23 97 0 0
GO 19835 23 96 0 1
GO 19836 23 96 0 1
GO 19842 23 97 0 0
GO 19843 23 97 0 0
GO 19852 1 12 22 85
GO 19856 23 97 0 0
GO 19858 0 18 23 79
GO 19859 2 94 21 3
GO 19860 23 94 0 3
GO 19866 1 2 22 95
GO 19867 23 97 0 0
GO 19877 23 97 0 0
GO 19887 23 97 0 0
GO 19897 23 97 0 0
GO 19898 23 97 0 0
GO 19899 23 97 0 0
GO 19904 23 97 0 0
GO 19941 23 96 0 1
GO 19953 0 3 23 94
GO 19954 23 97 0 0
GO 19985 23 97 0 0
GO 19988 23 96 0 1
GO 19992 0 0 23 97
GO 20002 0 1 23 96
GO 20037 23 97 0 0
GO 21549 1 1 22 96
GO 22037 1 1 22 96
GO 22402 23 97 0 0
GO 22411 23 97 0 0
GO 22412 0 1 23 96
GO 22413 0 2 23 95
GO 22414 23 97 0 0
GO 22417 23 97 0 0
GO 22602 0 1 23 96
GO 22603 23 97 0 0
GO 22604 23 97 0 0
GO 22605 0 1 23 96
GO 22607 23 97 0 0
GO 22610 23 97 0 0
GO 22611 23 97 0 0
GO 22613 23 97 0 0
GO 22616 23 97 0 0
GO 22618 23 97 0 0
GO 22623 0 0 23 97
GO 22624 0 0 23 97
GO 22625 23 97 0 0
GO 22626 23 97 0 0
GO 22627 23 97 0 0
GO 22803 23 97 0 0
GO 22804 23 97 0 0
GO 22821 23 97 0 0
GO 22829 23 97 0 0
GO 22836 23 97 0 0
GO 22838 23 97 0 0
GO 22853 23 97 0 0
GO 22857 23 97 0 0
GO 22883 23 97 0 0
GO 22884 23 97 0 0
GO 22889 0 3 23 94
GO 22890 23 97 0 0
GO 22898 23 97 0 0
GO 22900 23 97 0 0
GO 22904 23 97 0 0
GO 23014 23 97 0 0
GO 23051 0 2 23 95
GO 23052 23 97 0 0
GO 23056 0 1 23 96
GO 23057 0 1 23 96
GO 30001 23 97 0 0
GO 30002 23 97 0 0
GO 30003 23 97 0 0
GO 30004 23 97 0 0
GO 30029 12 3 11 94
GO 30030 23 97 0 0
GO 30031 23 97 0 0
GO 30036 12 3 11 94
GO 30042 12 3 11 94
GO 30091 23 97 0 0
GO 30097 0 1 23 96
GO 30098 0 1 23 96
GO 30100 0 1 23 96
GO 30104 23 95 0 2
GO 30145 23 97 0 0
GO 30149 0 1 23 96
GO 30151 23 95 0 2
GO 30153 0 4 23 93
GO 30154 0 3 23 94
GO 30155 23 97 0 0
GO 30162 23 97 0 0
GO 30163 23 97 0 0
GO 30164 23 96 0 1
GO 30166 0 0 23 97
GO 30170 23 97 0 0
GO 30174 23 97 0 0
GO 30183 0 1 23 96
GO 30198 0 1 23 96
GO 30203 23 97 0 0
GO 30204 0 0 23 97
GO 30206 0 0 23 97
GO 30217 0 1 23 96
GO 30234 23 97 0 0
GO 30243 0 12 23 85
GO 30244 0 1 23 96
GO 30245 0 11 23 86
GO 30246 1 23 22 74
GO 30247 0 1 23 96
GO 30258 23 97 0 0
GO 30260 23 97 0 0
GO 30261 0 0 23 97
GO 30272 23 96 0 1
GO 30288 23 97 0 0
GO 30295 23 97 0 0
GO 30307 0 1 23 96
GO 30308 0 4 23 93
GO 30312 23 97 0 0
GO 30313 23 97 0 0
GO 30320 23 97 0 0
GO 30330 0 1 23 96
GO 30337 23 97 0 0
GO 30366 23 97 0 0
GO 30371 23 97 0 0
GO 30388 23 96 0 1
GO 30414 23 91 0 6
GO 30420 0 1 23 96
GO 30423 23 95 0 2
GO 30427 0 2 23 95
GO 30428 23 97 0 0
GO 30429 0 4 23 93
GO 30430 12 3 11 94
GO 30435 0 2 23 95
GO 30436 0 1 23 96
GO 30437 0 2 23 95
GO 30488 23 97 0 0
GO 30490 23 97 0 0
GO 30496 0 1 23 96
GO 30497 23 97 0 0
GO 30509 0 1 23 96
GO 30523 23 80 0 17
GO 30541 23 97 0 0
GO 30545 0 1 23 96
GO 30551 23 97 0 0
GO 30554 23 97 0 0
GO 30572 22 65 1 32
GO 30580 23 97 0 0
GO 30604 23 97 0 0
GO 30611 0 3 23 94
GO 30613 0 4 23 93
GO 30614 0 3 23 94
GO 30632 23 95 0 2
GO 30641 23 97 0 0
GO 30643 23 97 0 0
GO 30674 23 97 0 0
GO 30677 23 96 0 1
GO 30681 23 96 0 1
GO 30695 23 97 0 0
GO 30696 23 97 0 0
GO 30697 23 97 0 0
GO 30808 0 6 23 91
GO 30809 0 6 23 91
GO 30855 0 1 23 96
GO 30880 23 97 0 0
GO 30894 23 97 0 0
GO 30902 1 1 22 96
GO 30955 23 97 0 0
GO 30961 23 95 0 2
GO 30964 23 97 0 0
GO 30973 23 27 0 70
GO 30976 23 97 0 0
GO 30978 0 27 23 70
GO 30980 0 27 23 70
GO 30983 23 96 0 1
GO 31004 16 12 7 85
GO 31047 23 95 0 2
GO 31071 23 97 0 0
GO 31090 3 3 20 94
GO 31118 23 97 0 0
GO 31119 23 97 0 0
GO 31123 23 97 0 0
GO 31124 23 97 0 0
GO 31125 0 1 23 96
GO 31160 0 1 23 96
GO 31162 23 96 0 1
GO 31163 23 97 0 0
GO 31167 23 97 0 0
GO 31177 23 96 0 1
GO 31224 23 97 0 0
GO 31225 23 97 0 0
GO 31226 23 97 0 0
GO 31230 23 97 0 0
GO 31232 23 86 0 11
GO 31233 23 97 0 0
GO 31234 23 97 0 0
GO 31235 23 96 0 1
GO 31236 23 86 0 11
GO 31237 22 95 1 2
GO 31241 23 97 0 0
GO 31246 23 97 0 0
GO 31248 0 3 23 94
GO 31249 23 97 0 0
GO 31250 23 97 0 0
GO 31253 1 0 22 97
GO 31267 0 1 23 96
GO 31297 23 97 0 0
GO 31323 23 97 0 0
GO 31324 23 97 0 0
GO 31325 23 97 0 0
GO 31326 23 97 0 0
GO 31327 23 97 0 0
GO 31328 23 97 0 0
GO 31329 23 97 0 0
GO 31330 23 97 0 0
GO 31331 23 97 0 0
GO 31333 23 97 0 0
GO 31334 23 97 0 0
GO 31347 0 1 23 96
GO 31349 0 1 23 96
GO 31365 23 97 0 0
GO 31399 23 97 0 0
GO 31400 21 43 2 54
GO 31401 23 97 0 0
GO 31402 23 97 0 0
GO 31403 23 96 0 1
GO 31404 23 96 0 1
GO 31405 23 97 0 0
GO 31406 23 97 0 0
GO 31410 1 1 22 96
GO 31419 23 96 0 1
GO 31420 23 97 0 0
GO 31421 23 96 0 1
GO 31437 0 8 23 89
GO 31439 0 8 23 89
GO 31455 21 62 2 35
GO 31456 21 62 2 35
GO 31460 22 31 1 66
GO 31469 0 1 23 96
GO 31471 0 1 23 96
GO 31522 23 97 0 0
GO 31554 23 97 0 0
GO 31564 23 97 0 0
GO 31589 23 97 0 0
GO 31597 23 97 0 0
GO 31625 0 2 23 95
GO 31640 23 97 0 0
GO 31647 23 97 0 0
GO 31648 23 95 0 2
GO 31667 23 97 0 0
GO 31668 23 97 0 0
GO 31669 23 97 0 0
GO 31670 23 96 0 1
GO 31966 1 2 22 95
GO 31967 1 2 22 95
GO 31974 23 97 0 0
GO 31975 23 97 0 0
GO 31981 23 97 0 0
GO 31982 1 1 22 96
GO 31984 1 1 22 96
GO 32026 23 96 0 1
GO 32048 22 65 1 32
GO 32049 22 65 1 32
GO 32055 15 90 8 7
GO 32067 0 4 23 93
GO 32069 23 97 0 0
GO 32074 23 97 0 0
GO 32101 21 44 2 53
GO 32102 1 0 22 97
GO 32103 0 1 23 96
GO 32135 1 2 22 95
GO 32136 23 96 0 1
GO 32147 23 97 0 0
GO 32150 23 97 0 0
GO 32153 23 97 0 0
GO 32155 0 1 23 96
GO 32194 23 97 0 0
GO 32196 14 15 9 82
GO 32259 23 97 0 0
GO 32261 23 96 0 1
GO 32262 23 83 0 14
GO 32263 23 96 0 1
GO 32264 23 96 0 1
GO 32265 0 5 23 92
GO 32267 23 97 0 0
GO 32268 23 97 0 0
GO 32269 23 97 0 0
GO 32270 23 97 0 0
GO 32271 23 97 0 0
GO 32272 23 97 0 0
GO 32296 23 97 0 0
GO 32297 23 97 0 0
GO 32298 23 97 0 0
GO 32299 23 96 0 1
GO 32300 23 97 0 0
GO 32324 23 97 0 0
GO 32329 23 96 0 1
GO 32359 23 96 0 1
GO 32386 23 97 0 0
GO 32392 23 97 0 0
GO 32409 23 97 0 0
GO 32410 23 97 0 0
GO 32412 23 97 0 0
GO 32413 23 97 0 0
GO 32446 0 3 23 94
GO 32448 0 2 23 95
GO 32459 23 95 0 2
GO 32462 23 95 0 2
GO 32465 23 97 0 0
GO 32466 23 97 0 0
GO 32501 1 2 22 95
GO 32502 23 97 0 0
GO 32504 0 1 23 96
GO 32505 23 97 0 0
GO 32506 23 97 0 0
GO 32507 0 1 23 96
GO 32508 23 97 0 0
GO 32535 23 97 0 0
GO 32549 23 97 0 0
GO 32550 23 97 0 0
GO 32551 23 97 0 0
GO 32552 23 97 0 0
GO 32553 23 97 0 0
GO 32554 23 97 0 0
GO 32555 23 97 0 0
GO 32556 23 97 0 0
GO 32557 23 97 0 0
GO 32558 23 97 0 0
GO 32559 23 97 0 0
GO 32560 23 97 0 0
GO 32561 23 97 0 0
GO 32564 23 97 0 0
GO 32567 23 97 0 0
GO 32588 1 0 22 97
GO 32649 0 1 23 96
GO 32653 0 1 23 96
GO 32677 0 1 23 96
GO 32680 0 1 23 96
GO 32717 0 1 23 96
GO 32720 0 1 23 96
GO 32729 0 1 23 96
GO 32733 0 1 23 96
GO 32774 23 97 0 0
GO 32775 23 97 0 0
GO 32776 0 10 23 87
GO 32780 23 96 0 1
GO 32781 23 96 0 1
GO 32784 23 96 0 1
GO 32787 23 97 0 0
GO 32790 23 97 0 0
GO 32794 23 96 0 1
GO 32843 23 97 0 0
GO 32870 0 1 23 96
GO 32879 23 97 0 0
GO 32880 23 97 0 0
GO 32881 23 97 0 0
GO 32885 23 94 0 3
GO 32890 23 96 0 1
GO 32892 23 96 0 1
GO 32940 23 97 0 0
GO 32950 1 31 22 66
GO 32951 1 31 22 66
GO 32954 23 97 0 0
GO 32955 23 97 0 0
GO 32973 23 97 0 0
GO 32977 23 97 0 0
GO 32978 23 97 0 0
GO 32981 0 1 23 96
GO 32984 23 97 0 0
GO 32988 23 97 0 0
GO 32989 0 2 23 95
GO 32991 23 97 0 0
GO 32993 23 97 0 0
GO 32995 0 1 23 96
GO 32996 0 1 23 96
GO 33013 23 97 0 0
GO 33014 23 97 0 0
GO 33036 23 97 0 0
GO 33043 23 96 0 1
GO 33044 23 96 0 1
GO 33051 1 26 22 71
GO 33094 0 2 23 95
GO 33108 0 1 23 96
GO 33120 22 94 1 3
GO 33157 23 97 0 0
GO 33177 23 97 0 0
GO 33178 23 97 0 0
GO 33194 23 97 0 0
GO 33195 23 96 0 1
GO 33202 23 97 0 0
GO 33212 23 96 0 1
GO 33214 23 96 0 1
GO 33218 23 97 0 0
GO 33220 23 96 0 1
GO 33228 23 97 0 0
GO 33229 23 44 0 53
GO 33238 23 97 0 0
GO 33241 23 97 0 0
GO 33256 0 1 23 96
GO 33257 0 1 23 96
GO 33281 23 97 0 0
GO 33293 23 97 0 0
GO 33317 23 97 0 0
GO 33345 23 95 0 2
GO 33353 23 97 0 0
GO 33359 23 96 0 1
GO 33365 23 97 0 0
GO 33383 23 96 0 1
GO 33384 23 96 0 1
GO 33499 23 90 0 7
GO 33526 23 97 0 0
GO 33539 23 97 0 0
GO 33542 23 97 0 0
GO 33554 23 97 0 0
GO 33558 23 97 0 0
GO 33567 23 97 0 0
GO 33585 23 96 0 1
GO 33592 23 97 0 0
GO 33643 12 4 11 93
GO 33644 0 1 23 96
GO 33646 12 3 11 94
GO 33647 0 0 23 97
GO 33648 0 0 23 97
GO 33655 0 0 23 97
GO 33674 23 97 0 0
GO 33676 23 97 0 0
GO 33677 23 97 0 0
GO 33680 23 97 0 0
GO 33692 23 97 0 0
GO 33711 22 97 1 0
GO 33719 23 39 0 58
GO 33736 0 7 23 90
GO 33739 23 97 0 0
GO 33745 23 96 0 1
GO 33748 0 1 23 96
GO 33785 22 97 1 0
GO 33786 22 97 1 0
GO 33812 0 1 23 96
GO 33817 23 97 0 0
GO 33818 21 95 2 2
GO 33819 23 97 0 0
GO 33825 0 2 23 95
GO 33856 23 96 0 1
GO 33862 23 97 0 0
GO 33863 0 3 23 94
GO 33865 23 97 0 0
GO 33866 23 97 0 0
GO 33875 23 97 0 0
GO 33890 23 97 0 0
GO 33993 0 1 23 96
GO 34017 23 96 0 1
GO 34023 23 70 0 27
GO 34028 23 82 0 15
GO 34030 23 97 0 0
GO 34032 23 97 0 0
GO 34033 23 97 0 0
GO 34035 23 97 0 0
GO 34040 23 97 0 0
GO 34057 23 96 0 1
GO 34058 0 1 23 96
GO 34061 23 97 0 0
GO 34062 23 97 0 0
GO 34192 0 8 23 89
GO 34194 0 8 23 89
GO 34198 23 97 0 0
GO 34200 23 97 0 0
GO 34203 23 97 0 0
GO 34204 23 97 0 0
GO 34212 23 97 0 0
GO 34213 23 96 0 1
GO 34214 23 97 0 0
GO 34219 23 97 0 0
GO 34220 23 97 0 0
GO 34221 0 2 23 95
GO 34224 0 1 23 96
GO 34227 23 97 0 0
GO 34248 23 97 0 0
GO 34249 23 97 0 0
GO 34250 23 97 0 0
GO 34257 22 4 1 93
GO 34258 22 4 1 93
GO 34293 0 2 23 95
GO 34308 23 97 0 0
GO 34309 22 95 1 2
GO 34311 23 97 0 0
GO 34312 23 97 0 0
GO 34335 23 97 0 0
GO 34336 22 94 1 3
GO 34337 23 97 0 0
GO 34353 23 95 0 2
GO 34355 23 97 0 0
GO 34404 23 97 0 0
GO 34421 23 97 0 0
GO 34440 23 97 0 0
GO 34458 23 97 0 0
GO 34459 23 96 0 1
GO 34470 23 97 0 0
GO 34471 23 97 0 0
GO 34504 0 1 23 96
GO 34552 21 96 2 1
GO 34567 0 11 23 86
GO 34599 23 97 0 0
GO 34605 23 97 0 0
GO 34611 23 97 0 0
GO 34613 23 97 0 0
GO 34614 23 97 0 0
GO 34618 23 97 0 0
GO 34620 23 97 0 0
GO 34622 23 97 0 0
GO 34627 23 97 0 0
GO 34628 23 97 0 0
GO 34635 23 97 0 0
GO 34637 23 97 0 0
GO 34639 0 18 23 79
GO 34641 23 97 0 0
GO 34644 23 97 0 0
GO 34645 23 97 0 0
GO 34654 23 97 0 0
GO 34655 23 97 0 0
GO 34656 23 97 0 0
GO 34660 23 97 0 0
GO 34661 23 97 0 0
GO 34708 23 97 0 0
GO 34722 23 95 0 2
GO 34755 23 97 0 0
GO 34762 23 97 0 0
GO 34763 23 97 0 0
GO 34764 23 96 0 1
GO 34765 23 97 0 0
GO 34766 23 97 0 0
GO 34767 23 96 0 1
GO 34775 23 97 0 0
GO 34979 23 96 0 1
GO 34983 23 96 0 1
GO 34986 23 97 0 0
GO 35091 0 1 23 96
GO 35194 23 95 0 2
GO 35250 0 1 23 96
GO 35251 20 75 3 22
GO 35303 21 63 2 34
GO 35304 21 43 2 54
GO 35306 21 43 2 54
GO 35307 21 43 2 54
GO 35312 23 97 0 0
GO 35326 22 56 1 41
GO 35335 0 5 23 92
GO 35368 22 29 1 68
GO 35375 3 0 20 97
GO 35383 23 97 0 0
GO 35384 23 97 0 0
GO 35429 0 4 23 93
GO 35433 2 81 21 16
GO 35434 23 59 0 38
GO 35435 23 97 0 0
GO 35438 23 97 0 0
GO 35442 23 97 0 0
GO 35443 23 97 0 0
GO 35444 23 96 0 1
GO 35461 21 19 2 78
GO 35539 23 96 0 1
GO 35556 23 97 0 0
GO 35596 23 97 0 0
GO 35597 23 96 0 1
GO 35599 23 38 0 59
GO 35600 23 96 0 1
GO 35601 23 97 0 0
GO 35639 23 97 0 0
GO 35672 23 97 0 0
GO 35673 23 97 0 0
GO 35690 23 97 0 0
GO 35710 0 1 23 96
GO 35725 23 97 0 0
GO 35821 23 97 0 0
GO 35864 0 1 23 96
GO 35870 23 96 0 1
GO 35888 0 18 23 79
GO 35890 4 31 19 66
GO 35891 4 31 19 66
GO 35966 23 97 0 0
GO 35967 23 97 0 0
GO 35999 23 97 0 0
GO 36001 22 97 1 0
GO 36009 23 97 0 0
GO 36048 23 96 0 1
GO 36049 23 96 0 1
GO 36055 23 96 0 1
GO 36065 0 0 23 97
GO 36088 0 2 23 95
GO 36094 23 97 0 0
GO 36103 0 7 23 90
GO 36104 0 7 23 90
GO 36172 0 2 23 95
GO 36173 1 29 22 68
GO 36211 23 97 0 0
GO 36218 23 96 0 1
GO 36220 23 96 0 1
GO 36221 23 96 0 1
GO 36222 23 96 0 1
GO 36245 22 4 1 93
GO 36265 23 97 0 0
GO 36289 23 96 0 1
GO 36293 3 1 20 96
GO 36307 23 94 0 3
GO 36308 23 95 0 2
GO 36355 23 93 0 4
GO 36361 23 97 0 0
GO 36374 23 95 0 2
GO 36397 23 35 0 62
GO 36405 0 0 23 97
GO 36406 0 0 23 97
GO 36440 23 97 0 0
GO 36442 23 97 0 0
GO 36455 23 97 0 0
GO 36460 0 10 23 87
GO 36506 23 97 0 0
GO 36524 0 4 23 93
GO 36525 0 4 23 93
GO 38083 0 7 23 90
GO 39633 4 31 19 66
GO 39678 1 5 22 92
GO 39695 0 1 23 96
GO 40007 23 58 0 39
GO 40008 23 97 0 0
GO 40011 23 97 0 0
GO 40012 21 50 2 47
GO 40013 2 20 21 77
GO 40029 23 95 0 2
GO 40033 23 95 0 2
GO 42026 23 97 0 0
GO 42030 23 96 0 1
GO 42035 0 1 23 96
GO 42036 0 1 23 96
GO 42044 18 50 5 47
GO 42083 23 97 0 0
GO 42084 23 96 0 1
GO 42085 23 74 0 23
GO 42088 0 1 23 96
GO 42092 0 1 23 96
GO 42093 0 1 23 96
GO 42108 0 1 23 96
GO 42110 0 1 23 96
GO 42113 0 1 23 96
GO 42126 0 2 23 95
GO 42127 0 1 23 96
GO 42128 0 1 23 96
GO 42132 23 96 0 1
GO 42133 23 97 0 0
GO 42135 23 97 0 0
GO 42136 23 97 0 0
GO 42147 0 1 23 96
GO 42150 23 97 0 0
GO 42157 23 97 0 0
GO 42158 23 97 0 0
GO 42168 23 97 0 0
GO 42171 22 97 1 0
GO 42176 23 96 0 1
GO 42178 0 2 23 95
GO 42180 23 97 0 0
GO 42181 23 97 0 0
GO 42182 23 97 0 0
GO 42219 22 20 1 77
GO 42221 23 97 0 0
GO 42245 23 97 0 0
GO 42254 23 97 0 0
GO 42255 23 97 0 0
GO 42256 23 97 0 0
GO 42273 23 97 0 0
GO 42274 23 97 0 0
GO 42277 23 97 0 0
GO 42278 23 97 0 0
GO 42279 23 83 0 14
GO 42286 23 97 0 0
GO 42301 23 97 0 0
GO 42304 23 97 0 0
GO 42325 23 97 0 0
GO 42327 23 97 0 0
GO 42330 23 97 0 0
GO 42350 0 7 23 90
GO 42357 23 97 0 0
GO 42362 23 97 0 0
GO 42364 23 97 0 0
GO 42371 23 97 0 0
GO 42373 23 97 0 0
GO 42380 23 97 0 0
GO 42398 23 97 0 0
GO 42401 23 97 0 0
GO 42402 22 19 1 78
GO 42407 1 1 22 96
GO 42413 22 20 1 77
GO 42430 23 97 0 0
GO 42435 23 97 0 0
GO 42436 22 17 1 80
GO 42440 23 97 0 0
GO 42445 0 2 23 95
GO 42447 0 2 23 95
GO 42450 23 97 0 0
GO 42451 23 97 0 0
GO 42453 1 34 22 63
GO 42454 23 97 0 0
GO 42455 23 97 0 0
GO 42493 23 97 0 0
GO 42534 0 1 23 96
GO 42536 0 1 23 96
GO 42537 23 59 0 38
GO 42538 23 97 0 0
GO 42542 23 97 0 0
GO 42545 23 97 0 0
GO 42546 23 97 0 0
GO 42558 23 97 0 0
GO 42559 23 97 0 0
GO 42575 23 97 0 0
GO 42577 23 96 0 1
GO 42578 23 97 0 0
GO 42586 23 97 0 0
GO 42592 23 97 0 0
GO 42594 23 97 0 0
GO 42597 23 97 0 0
GO 42601 0 1 23 96
GO 42602 23 97 0 0
GO 42622 1 0 22 97
GO 42623 23 97 0 0
GO 42625 23 97 0 0
GO 42626 23 97 0 0
GO 42698 0 1 23 96
GO 42709 23 96 0 1
GO 42710 23 97 0 0
GO 42723 23 97 0 0
GO 42724 23 97 0 0
GO 42726 23 97 0 0
GO 42727 23 97 0 0
GO 42732 0 9 23 88
GO 42737 23 97 0 0
GO 42742 0 2 23 95
GO 42743 22 74 1 23
GO 42744 22 74 1 23
GO 42763 0 3 23 94
GO 42764 0 2 23 95
GO 42770 0 1 23 96
GO 42771 0 1 23 96
GO 42773 23 97 0 0
GO 42775 23 97 0 0
GO 42776 1 1 22 96
GO 42777 23 97 0 0
GO 42780 23 97 0 0
GO 42788 23 94 0 3
GO 42802 23 97 0 0
GO 42803 23 97 0 0
GO 42816 23 97 0 0
GO 42817 0 15 23 82
GO 42819 23 97 0 0
GO 42822 23 97 0 0
GO 42823 23 97 0 0
GO 42832 0 1 23 96
GO 42834 22 97 1 0
GO 42836 0 1 23 96
GO 42838 0 1 23 96
GO 42839 0 1 23 96
GO 42840 0 1 23 96
GO 42843 0 9 23 88
GO 42851 23 95 0 2
GO 42852 23 95 0 2
GO 42866 23 97 0 0
GO 42867 0 3 23 94
GO 42873 0 4 23 93
GO 42879 0 4 23 93
GO 42883 23 97 0 0
GO 42886 23 97 0 0
GO 42887 23 97 0 0
GO 42891 23 97 0 0
GO 42895 23 97 0 0
GO 42906 0 7 23 90
GO 42907 0 7 23 90
GO 42908 0 3 23 94
GO 42910 0 3 23 94
GO 42930 23 97 0 0
GO 42937 23 45 0 52
GO 42938 23 97 0 0
GO 42939 23 97 0 0
GO 42940 0 8 23 89
GO 42942 0 8 23 89
GO 42943 0 3 23 94
GO 42945 0 3 23 94
GO 42953 23 97 0 0
GO 42954 23 97 0 0
GO 42960 0 15 23 82
GO 42968 0 1 23 96
GO 42970 0 1 23 96
GO 42979 23 97 0 0
GO 42981 1 1 22 96
GO 42995 23 97 0 0
GO 43005 1 1 22 96
GO 43021 23 97 0 0
GO 43022 23 97 0 0
GO 43023 23 97 0 0
GO 43024 23 97 0 0
GO 43038 23 97 0 0
GO 43039 23 97 0 0
GO 43043 23 97 0 0
GO 43062 0 1 23 96
GO 43066 0 1 23 96
GO 43067 1 1 22 96
GO 43069 0 1 23 96
GO 43085 23 97 0 0
GO 43086 23 97 0 0
GO 43087 23 97 0 0
GO 43090 0 2 23 95
GO 43093 23 97 0 0
GO 43094 23 97 0 0
GO 43096 23 97 0 0
GO 43097 23 97 0 0
GO 43100 2 94 21 3
GO 43101 23 97 0 0
GO 43102 23 97 0 0
GO 43103 23 73 0 24
GO 43111 1 3 22 94
GO 43137 23 97 0 0
GO 43138 23 97 0 0
GO 43140 23 97 0 0
GO 43142 23 97 0 0
GO 43150 1 4 22 93
GO 43157 23 94 0 3
GO 43163 23 97 0 0
GO 43164 23 97 0 0
GO 43165 23 97 0 0
GO 43167 23 97 0 0
GO 43168 23 97 0 0
GO 43169 23 97 0 0
GO 43170 23 97 0 0
GO 43171 23 97 0 0
GO 43173 23 97 0 0
GO 43174 23 97 0 0
GO 43175 23 97 0 0
GO 43177 23 97 0 0
GO 43178 0 1 23 96
GO 43190 23 97 0 0
GO 43199 1 29 22 68
GO 43200 23 97 0 0
GO 43201 23 97 0 0
GO 43207 23 97 0 0
GO 43211 0 12 23 85
GO 43213 23 97 0 0
GO 43225 23 97 0 0
GO 43226 23 97 0 0
GO 43227 23 97 0 0
GO 43228 23 97 0 0
GO 43229 23 97 0 0
GO 43231 23 97 0 0
GO 43232 23 97 0 0
GO 43233 23 97 0 0
GO 43244 23 97 0 0
GO 43253 0 1 23 96
GO 43254 23 97 0 0
GO 43255 23 94 0 3
GO 43269 23 97 0 0
GO 43270 23 96 0 1
GO 43271 23 97 0 0
GO 43273 23 97 0 0
GO 43333 23 97 0 0
GO 43335 23 97 0 0
GO 43364 23 96 0 1
GO 43365 23 96 0 1
GO 43367 0 1 23 96
GO 43412 23 97 0 0
GO 43413 21 97 2 0
GO 43414 23 97 0 0
GO 43418 0 1 23 96
GO 43420 0 4 23 93
GO 43431 23 97 0 0
GO 43433 23 97 0 0
GO 43436 23 97 0 0
GO 43446 0 6 23 91
GO 43448 0 6 23 91
GO 43462 23 97 0 0
GO 43467 23 97 0 0
GO 43470 23 95 0 2
GO 43471 23 95 0 2
GO 43484 22 94 1 3
GO 43487 23 97 0 0
GO 43488 23 97 0 0
GO 43489 23 97 0 0
GO 43492 23 97 0 0
GO 43527 23 97 0 0
GO 43530 23 96 0 1
GO 43531 23 97 0 0
GO 43543 23 97 0 0
GO 43545 23 97 0 0
GO 43546 23 97 0 0
GO 43547 23 97 0 0
GO 43549 23 97 0 0
GO 43555 23 96 0 1
GO 43562 23 94 0 3
GO 43565 23 97 0 0
GO 43570 6 1 17 96
GO 43571 6 1 17 96
GO 43590 23 97 0 0
GO 43596 23 96 0 1
GO 43601 23 96 0 1
GO 43603 23 97 0 0
GO 43604 23 97 0 0
GO 43605 0 3 23 94
GO 43621 23 96 0 1
GO 43624 23 97 0 0
GO 43628 23 97 0 0
GO 43631 23 97 0 0
GO 43632 23 96 0 1
GO 43647 23 96 0 1
GO 43648 23 97 0 0
GO 43649 23 96 0 1
GO 43650 23 97 0 0
GO 43656 12 3 11 94
GO 43657 12 4 11 93
GO 43682 1 0 22 97
GO 43686 23 97 0 0
GO 43687 23 97 0 0
GO 43708 23 97 0 0
GO 43711 23 97 0 0
GO 43726 23 97 0 0
GO 43737 8 1 15 96
GO 43751 23 43 0 54
GO 43765 23 96 0 1
GO 43768 23 96 0 1
GO 43771 23 97 0 0
GO 43798 0 1 23 96
GO 43828 23 91 0 6
GO 43846 23 97 0 0
GO 43847 23 97 0 0
GO 43856 22 97 1 0
GO 43865 23 91 0 6
GO 43872 0 1 23 96
GO 43874 23 97 0 0
GO 43891 23 96 0 1
GO 43893 2 81 21 16
GO 43900 22 78 1 19
GO 43901 22 78 1 19
GO 43902 0 1 23 96
GO 43903 0 0 23 97
GO 43906 23 97 0 0
GO 43907 23 95 0 2
GO 43918 22 16 1 81
GO 43933 23 97 0 0
GO 43934 0 3 23 94
GO 43935 0 2 23 95
GO 43952 23 97 0 0
GO 43953 23 97 0 0
GO 43957 23 58 0 39
GO 43963 23 96 0 1
GO 44003 23 97 0 0
GO 44004 23 97 0 0
GO 44010 23 97 0 0
GO 44011 23 96 0 1
GO 44036 23 97 0 0
GO 44038 23 97 0 0
GO 44042 23 97 0 0
GO 44068 23 96 0 1
GO 44070 23 97 0 0
GO 44085 23 97 0 0
GO 44087 23 97 0 0
GO 44089 23 97 0 0
GO 44091 23 97 0 0
GO 44092 23 97 0 0
GO 44093 23 97 0 0
GO 44106 23 97 0 0
GO 44110 0 1 23 96
GO 44116 0 1 23 96
GO 44117 0 1 23 96
GO 44119 0 1 23 96
GO 44174 0 0 23 97
GO 44175 0 0 23 97
GO 44179 23 96 0 1
GO 44183 23 97 0 0
GO 44208 23 94 0 3
GO 44212 23 97 0 0
GO 44215 12 4 11 93
GO 44216 12 4 11 93
GO 44217 12 4 11 93
GO 44218 0 1 23 96
GO 44237 23 97 0 0
GO 44238 23 97 0 0
GO 44242 23 97 0 0
GO 44247 0 30 23 67
GO 44248 23 97 0 0
GO 44249 23 97 0 0
GO 44255 23 97 0 0
GO 44257 23 97 0 0
GO 44260 23 97 0 0
GO 44262 23 97 0 0
GO 44264 23 97 0 0
GO 44265 23 97 0 0
GO 44267 23 97 0 0
GO 44270 23 97 0 0
GO 44271 23 97 0 0
GO 44272 23 97 0 0
GO 44273 21 97 2 0
GO 44275 23 97 0 0
GO 44279 0 1 23 96
GO 44281 23 97 0 0
GO 44282 23 97 0 0
GO 44283 23 97 0 0
GO 44318 23 97 0 0
GO 44352 0 1 23 96
GO 44354 0 1 23 96
GO 44355 23 97 0 0
GO 44364 23 97 0 0
GO 44374 23 96 0 1
GO 44389 0 2 23 95
GO 44391 23 97 0 0
GO 44403 23 97 0 0
GO 44406 0 1 23 96
GO 44409 23 97 0 0
GO 44411 1 5 22 92
GO 44419 23 97 0 0
GO 44421 22 14 1 83
GO 44422 23 97 0 0
GO 44423 6 23 17 74
GO 44424 23 97 0 0
GO 44425 23 97 0 0
GO 44427 23 97 0 0
GO 44428 23 97 0 0
GO 44429 1 3 22 94
GO 44431 1 1 22 96
GO 44433 0 1 23 96
GO 44434 0 1 23 96
GO 44435 0 1 23 96
GO 44440 0 1 23 96
GO 44441 1 0 22 97
GO 44444 23 97 0 0
GO 44445 23 97 0 0
GO 44446 23 97 0 0
GO 44452 23 96 0 1
GO 44454 23 96 0 1
GO 44455 1 2 22 95
GO 44459 23 97 0 0
GO 44461 23 97 0 0
GO 44462 23 97 0 0
GO 44463 23 97 0 0
GO 44464 23 97 0 0
GO 44501 23 96 0 1
GO 44547 21 1 2 96
GO 44550 23 97 0 0
GO 44569 23 86 0 11
GO 44620 23 96 0 1
GO 44650 0 1 23 96
GO 44659 4 31 19 66
GO 44661 4 31 19 66
GO 44703 0 3 23 94
GO 44715 23 96 0 1
GO 44716 23 96 0 1
GO 44728 23 97 0 0
GO 44729 23 96 0 1
GO 44764 23 97 0 0
GO 44769 23 97 0 0
GO 44776 23 97 0 0
GO 44780 0 7 23 90
GO 44781 0 7 23 90
GO 44786 23 97 0 0
GO 44787 23 97 0 0
GO 44799 0 2 23 95
GO 44815 23 96 0 1
GO 44872 23 97 0 0
GO 44873 23 97 0 0
GO 44874 23 97 0 0
GO 44877 23 97 0 0
GO 45004 23 97 0 0
GO 45005 23 97 0 0
GO 45013 23 96 0 1
GO 45017 23 97 0 0
GO 45047 23 97 0 0
GO 45064 0 1 23 96
GO 45074 0 1 23 96
GO 45082 0 1 23 96
GO 45087 0 1 23 96
GO 45117 0 3 23 94
GO 45127 20 3 3 94
GO 45137 0 1 23 96
GO 45152 23 97 0 0
GO 45181 23 96 0 1
GO 45182 23 97 0 0
GO 45184 23 97 0 0
GO 45185 0 1 23 96
GO 45203 23 97 0 0
GO 45226 23 88 0 9
GO 45229 23 97 0 0
GO 45239 23 97 0 0
GO 45240 23 97 0 0
GO 45250 23 97 0 0
GO 45252 23 97 0 0
GO 45254 23 97 0 0
GO 45259 23 97 0 0
GO 45260 23 97 0 0
GO 45261 23 97 0 0
GO 45262 23 97 0 0
GO 45263 23 97 0 0
GO 45264 23 97 0 0
GO 45271 0 11 23 86
GO 45272 0 10 23 87
GO 45273 23 97 0 0
GO 45274 23 97 0 0
GO 45275 1 1 22 96
GO 45277 1 2 22 95
GO 45281 23 97 0 0
GO 45282 23 97 0 0
GO 45283 0 7 23 90
GO 45284 0 7 23 90
GO 45321 0 1 23 96
GO 45324 0 1 23 96
GO 45333 23 97 0 0
GO 45337 23 96 0 1
GO 45338 23 96 0 1
GO 45414 0 1 23 96
GO 45415 0 1 23 96
GO 45437 23 83 0 14
GO 45454 23 97 0 0
GO 45717 0 24 23 73
GO 45719 23 94 0 3
GO 45723 23 97 0 0
GO 45727 23 97 0 0
GO 45732 23 96 0 1
GO 45733 23 97 0 0
GO 45740 23 97 0 0
GO 45752 0 1 23 96
GO 45786 23 97 0 0
GO 45807 0 1 23 96
GO 45819 23 95 0 2
GO 45828 23 91 0 6
GO 45833 23 97 0 0
GO 45834 23 97 0 0
GO 45848 23 96 0 1
GO 45851 23 97 0 0
GO 45852 0 4 23 93
GO 45859 23 97 0 0
GO 45860 23 97 0 0
GO 45861 23 91 0 6
GO 45862 23 97 0 0
GO 45892 23 97 0 0
GO 45893 23 97 0 0
GO 45900 23 97 0 0
GO 45903 23 97 0 0
GO 45911 23 96 0 1
GO 45912 23 97 0 0
GO 45913 23 95 0 2
GO 45922 0 24 23 73
GO 45923 23 97 0 0
GO 45926 23 94 0 3
GO 45927 0 1 23 96
GO 45930 23 97 0 0
GO 45934 23 97 0 0
GO 45935 23 97 0 0
GO 45936 23 97 0 0
GO 45937 23 97 0 0
GO 45944 0 1 23 96
GO 45947 23 97 0 0
GO 45948 23 97 0 0
GO 45974 23 95 0 2
GO 45975 23 95 0 2
GO 45980 0 6 23 91
GO 45990 23 96 0 1
GO 46031 23 97 0 0
GO 46033 23 94 0 3
GO 46034 23 97 0 0
GO 46035 23 97 0 0
GO 46036 23 97 0 0
GO 46037 23 97 0 0
GO 46039 23 97 0 0
GO 46040 23 97 0 0
GO 46046 23 97 0 0
GO 46047 23 97 0 0
GO 46049 23 97 0 0
GO 46050 23 97 0 0
GO 46051 23 97 0 0
GO 46052 23 97 0 0
GO 46058 23 94 0 3
GO 46060 23 97 0 0
GO 46061 23 97 0 0
GO 46065 23 66 0 31
GO 46070 23 97 0 0
GO 46072 23 96 0 1
GO 46073 23 36 0 61
GO 46075 23 97 0 0
GO 46076 23 97 0 0
GO 46077 23 96 0 1
GO 46078 23 96 0 1
GO 46080 23 97 0 0
GO 46081 23 97 0 0
GO 46083 23 96 0 1
GO 46084 23 96 0 1
GO 46085 23 97 0 0
GO 46086 23 94 0 3
GO 46087 23 96 0 1
GO 46092 23 96 0 1
GO 46094 1 34 22 63
GO 46098 0 6 23 91
GO 46100 23 79 0 18
GO 46101 23 74 0 23
GO 46102 23 87 0 10
GO 46103 23 73 0 24
GO 46104 23 97 0 0
GO 46108 23 97 0 0
GO 46112 23 97 0 0
GO 46113 23 96 0 1
GO 46115 1 34 22 63
GO 46116 23 97 0 0
GO 46121 23 96 0 1
GO 46122 1 34 22 63
GO 46124 1 34 22 63
GO 46125 23 97 0 0
GO 46127 23 96 0 1
GO 46128 23 97 0 0
GO 46129 23 97 0 0
GO 46130 23 87 0 10
GO 46131 23 97 0 0
GO 46132 23 97 0 0
GO 46133 23 97 0 0
GO 46134 23 97 0 0
GO 46135 23 97 0 0
GO 46144 23 97 0 0
GO 46145 23 95 0 2
GO 46146 23 97 0 0
GO 46148 23 97 0 0
GO 46164 23 97 0 0
GO 46165 23 97 0 0
GO 46166 23 97 0 0
GO 46168 0 4 23 93
GO 46173 23 97 0 0
GO 46174 23 97 0 0
GO 46176 23 97 0 0
GO 46177 23 97 0 0
GO 46183 1 22 22 75
GO 46184 23 97 0 0
GO 46185 23 97 0 0
GO 46189 0 1 23 96
GO 46209 23 94 0 3
GO 46210 23 94 0 3
GO 46218 22 17 1 80
GO 46219 23 97 0 0
GO 46256 23 45 0 52
GO 46260 23 45 0 52
GO 46263 23 45 0 52
GO 46316 1 22 22 75
GO 46341 23 97 0 0
GO 46342 0 1 23 96
GO 46346 0 5 23 92
GO 46348 16 39 7 58
GO 46349 23 97 0 0
GO 46351 23 96 0 1
GO 46364 23 97 0 0
GO 46365 23 97 0 0
GO 46368 0 7 23 90
GO 46373 1 12 22 85
GO 46377 1 30 22 67
GO 46378 7 32 16 65
GO 46379 23 88 0 9
GO 46383 0 2 23 95
GO 46385 23 97 0 0
GO 46386 23 97 0 0
GO 46390 23 97 0 0
GO 46391 23 97 0 0
GO 46392 0 1 23 96
GO 46394 23 97 0 0
GO 46395 23 97 0 0
GO 46396 0 3 23 94
GO 46397 0 3 23 94
GO 46400 23 97 0 0
GO 46401 23 97 0 0
GO 46402 4 19 19 78
GO 46415 0 1 23 96
GO 46416 23 97 0 0
GO 46417 23 97 0 0
GO 46421 23 96 0 1
GO 46425 0 1 23 96
GO 46426 0 1 23 96
GO 46428 23 97 0 0
GO 46429 23 97 0 0
GO 46434 23 97 0 0
GO 46436 23 97 0 0
GO 46437 23 95 0 2
GO 46439 23 97 0 0
GO 46440 23 53 0 44
GO 46451 23 97 0 0
GO 46452 23 97 0 0
GO 46459 23 97 0 0
GO 46466 0 1 23 96
GO 46467 23 97 0 0
GO 46471 23 97 0 0
GO 46474 23 97 0 0
GO 46475 0 1 23 96
GO 46479 0 1 23 96
GO 46483 23 97 0 0
GO 46484 22 97 1 0
GO 46486 23 97 0 0
GO 46487 23 97 0 0
GO 46490 23 97 0 0
GO 46493 23 97 0 0
GO 46496 23 97 0 0
GO 46498 23 97 0 0
GO 46500 23 97 0 0
GO 46501 23 97 0 0
GO 46502 23 95 0 2
GO 46503 0 1 23 96
GO 46514 0 1 23 96
GO 46527 20 77 3 20
GO 46537 23 97 0 0
GO 46545 0 1 23 96
GO 46566 22 2 1 95
GO 46583 23 97 0 0
GO 46618 23 97 0 0
GO 46631 0 1 23 96
GO 46632 0 1 23 96
GO 46649 0 1 23 96
GO 46653 23 97 0 0
GO 46654 23 97 0 0
GO 46655 23 96 0 1
GO 46656 23 96 0 1
GO 46660 0 1 23 96
GO 46661 0 1 23 96
GO 46677 23 97 0 0
GO 46678 23 97 0 0
GO 46685 23 97 0 0
GO 46686 21 5 2 92
GO 46688 23 96 0 1
GO 46689 23 97 0 0
GO 46690 23 96 0 1
GO 46700 23 97 0 0
GO 46710 23 97 0 0
GO 46716 1 1 22 96
GO 46718 23 97 0 0
GO 46729 0 1 23 96
GO 46777 23 97 0 0
GO 46790 23 96 0 1
GO 46798 0 1 23 96
GO 46812 0 0 23 97
GO 46820 23 97 0 0
GO 46834 0 31 23 66
GO 46835 23 97 0 0
GO 46836 23 97 0 0
GO 46838 23 96 0 1
GO 46839 23 96 0 1
GO 46855 23 96 0 1
GO 46857 0 2 23 95
GO 46870 23 96 0 1
GO 46872 23 97 0 0
GO 46873 23 97 0 0
GO 46874 23 97 0 0
GO 46889 23 97 0 0
GO 46890 23 97 0 0
GO 46892 23 86 0 11
GO 46900 23 97 0 0
GO 46901 23 97 0 0
GO 46903 23 97 0 0
GO 46906 23 97 0 0
GO 46907 23 97 0 0
GO 46912 23 97 0 0
GO 46914 23 97 0 0
GO 46915 23 97 0 0
GO 46916 23 97 0 0
GO 46917 0 1 23 96
GO 46930 23 92 0 5
GO 46933 23 97 0 0
GO 46939 23 97 0 0
GO 46940 23 97 0 0
GO 46942 23 97 0 0
GO 46943 23 97 0 0
GO 46944 23 84 0 13
GO 46961 23 97 0 0
GO 46982 0 2 23 95
GO 46983 23 97 0 0
GO 47134 23 97 0 0
GO 47405 23 97 0 0
GO 47429 23 97 0 0
GO 47451 23 97 0 0
GO 47456 23 97 0 0
GO 47465 0 5 23 92
GO 47475 0 1 23 96
GO 47480 23 97 0 0
GO 47484 23 96 0 1
GO 47485 23 97 0 0
GO 47545 23 97 0 0
GO 47547 0 4 23 93
GO 47580 14 32 9 65
GO 47589 23 53 0 44
GO 47617 23 97 0 0
GO 47631 23 97 0 0
GO 47635 23 95 0 2
GO 47661 23 97 0 0
GO 47681 0 15 23 82
GO 47693 23 94 0 3
GO 47724 1 34 22 63
GO 47808 23 97 0 0
GO 47844 23 96 0 1
GO 47917 0 12 23 85
GO 47931 22 79 1 18
GO 47952 23 97 0 0
GO 47954 23 96 0 1
GO 47975 1 34 22 63
GO 48001 23 96 0 1
GO 48018 0 1 23 96
GO 48027 23 97 0 0
GO 48029 1 22 22 75
GO 48033 1 57 22 40
GO 48034 1 57 22 40
GO 48037 23 97 0 0
GO 48038 23 97 0 0
GO 48039 23 97 0 0
GO 48162 0 1 23 96
GO 48193 0 1 23 96
GO 48255 23 97 0 0
GO 48256 23 96 0 1
GO 48284 0 1 23 96
GO 48468 0 3 23 94
GO 48476 23 97 0 0
GO 48477 0 1 23 96
GO 48500 23 95 0 2
GO 48511 0 1 23 96
GO 48513 1 2 22 95
GO 48518 23 97 0 0
GO 48519 23 97 0 0
GO 48522 23 97 0 0
GO 48523 23 97 0 0
GO 48534 0 1 23 96
GO 48536 0 1 23 96
GO 48548 0 1 23 96
GO 48549 0 1 23 96
GO 48583 23 97 0 0
GO 48584 0 1 23 96
GO 48585 1 1 22 96
GO 48589 0 1 23 96
GO 48598 0 1 23 96
GO 48608 0 1 23 96
GO 48609 0 1 23 96
GO 48646 0 3 23 94
GO 48731 1 2 22 95
GO 48856 1 5 22 92
GO 48869 0 4 23 93
GO 48870 23 97 0 0
GO 48878 23 97 0 0
GO 50084 23 96 0 1
GO 50089 0 3 23 94
GO 50136 23 97 0 0
GO 50145 23 97 0 0
GO 50163 23 97 0 0
GO 50179 23 96 0 1
GO 50218 23 97 0 0
GO 50225 22 26 1 71
GO 50263 23 83 0 14
GO 50286 23 96 0 1
GO 50308 23 96 0 1
GO 50309 23 96 0 1
GO 50311 23 97 0 0
GO 50338 23 71 0 26
GO 50343 22 96 1 1
GO 50355 23 97 0 0
GO 50380 23 65 0 32
GO 50418 23 94 0 3
GO 50440 23 97 0 0
GO 50446 0 1 23 96
GO 50483 1 92 22 5
GO 50484 1 92 22 5
GO 50486 23 95 0 2
GO 50497 23 97 0 0
GO 50511 23 97 0 0
GO 50515 23 97 0 0
GO 50518 23 97 0 0
GO 50519 0 1 23 96
GO 50526 23 97 0 0
GO 50570 23 97 0 0
GO 50577 0 7 23 90
GO 50626 0 1 23 96
GO 50650 0 0 23 97
GO 50654 0 0 23 97
GO 50660 23 97 0 0
GO 50661 23 97 0 0
GO 50662 23 97 0 0
GO 50667 23 96 0 1
GO 50776 0 1 23 96
GO 50778 0 1 23 96
GO 50779 23 95 0 2
GO 50789 23 97 0 0
GO 50790 23 97 0 0
GO 50793 23 97 0 0
GO 50794 23 97 0 0
GO 50801 23 97 0 0
GO 50821 23 97 0 0
GO 50830 0 1 23 96
GO 50832 0 1 23 96
GO 50896 23 97 0 0
GO 50897 23 96 0 1
GO 50918 0 12 23 85
GO 50920 21 43 2 54
GO 50922 1 0 22 97
GO 50997 1 27 22 70
GO 51020 23 97 0 0
GO 51049 23 97 0 0
GO 51050 23 96 0 1
GO 51051 23 97 0 0
GO 51052 23 97 0 0
GO 51053 23 97 0 0
GO 51054 23 97 0 0
GO 51055 23 97 0 0
GO 51065 23 97 0 0
GO 51075 23 97 0 0
GO 51082 23 97 0 0
GO 51083 23 96 0 1
GO 51084 23 97 0 0
GO 51085 23 97 0 0
GO 51087 23 97 0 0
GO 51090 23 97 0 0
GO 51091 0 1 23 96
GO 51092 0 1 23 96
GO 51093 0 1 23 96
GO 51095 23 95 0 2
GO 51098 0 1 23 96
GO 51101 0 1 23 96
GO 51103 23 97 0 0
GO 51108 22 20 1 77
GO 51109 22 20 1 77
GO 51117 23 97 0 0
GO 51119 22 32 1 65
GO 51128 23 97 0 0
GO 51129 23 97 0 0
GO 51130 23 97 0 0
GO 51131 0 1 23 96
GO 51156 23 97 0 0
GO 51167 1 12 22 85
GO 51169 0 1 23 96
GO 51170 0 1 23 96
GO 51171 23 97 0 0
GO 51172 23 97 0 0
GO 51173 23 97 0 0
GO 51174 23 97 0 0
GO 51179 23 97 0 0
GO 51180 23 96 0 1
GO 51181 23 97 0 0
GO 51182 21 19 2 78
GO 51184 23 94 0 3
GO 51185 21 19 2 78
GO 51186 23 97 0 0
GO 51187 22 74 1 23
GO 51188 23 97 0 0
GO 51189 23 97 0 0
GO 51191 0 1 23 96
GO 51192 23 96 0 1
GO 51193 23 96 0 1
GO 51205 23 97 0 0
GO 51208 1 0 22 97
GO 51213 23 97 0 0
GO 51223 23 97 0 0
GO 51234 23 97 0 0
GO 51235 23 64 0 33
GO 51238 23 64 0 33
GO 51239 0 1 23 96
GO 51240 0 1 23 96
GO 51241 0 1 23 96
GO 51246 23 97 0 0
GO 51247 23 97 0 0
GO 51248 23 97 0 0
GO 51252 23 97 0 0
GO 51253 23 97 0 0
GO 51254 23 97 0 0
GO 51258 23 97 0 0
GO 51259 23 97 0 0
GO 51260 23 97 0 0
GO 51261 12 3 11 94
GO 51262 23 97 0 0
GO 51270 21 57 2 40
GO 51271 1 27 22 70
GO 51273 1 61 22 36
GO 51274 1 50 22 47
GO 51275 0 11 23 86
GO 51276 23 97 0 0
GO 51278 0 2 23 95
GO 51286 0 1 23 96
GO 51287 23 97 0 0
GO 51289 23 97 0 0
GO 51291 0 3 23 94
GO 51301 23 97 0 0
GO 51302 23 97 0 0
GO 51304 23 95 0 2
GO 51321 0 2 23 95
GO 51336 23 97 0 0
GO 51338 23 97 0 0
GO 51339 0 1 23 96
GO 51341 23 97 0 0
GO 51345 23 97 0 0
GO 51346 23 97 0 0
GO 51347 23 97 0 0
GO 51349 0 1 23 96
GO 51353 23 97 0 0
GO 51409 4 50 19 47
GO 51410 0 2 23 95
GO 51452 23 97 0 0
GO 51453 23 97 0 0
GO 51454 0 4 23 93
GO 51457 0 1 23 96
GO 51472 1 30 22 67
GO 51480 0 1 23 96
GO 51483 23 97 0 0
GO 51484 23 97 0 0
GO 51499 23 97 0 0
GO 51500 23 97 0 0
GO 51536 23 97 0 0
GO 51537 23 97 0 0
GO 51538 23 97 0 0
GO 51539 23 97 0 0
GO 51540 23 97 0 0
GO 51575 23 97 0 0
GO 51595 23 36 0 61
GO 51596 23 97 0 0
GO 51597 1 1 22 96
GO 51599 0 4 23 93
GO 51602 1 1 22 96
GO 51603 23 97 0 0
GO 51604 23 97 0 0
GO 51606 14 1 9 96
GO 51607 23 96 0 1
GO 51641 23 97 0 0
GO 51649 23 97 0 0
GO 51651 23 64 0 33
GO 51674 23 97 0 0
GO 51691 0 27 23 70
GO 51692 0 27 23 70
GO 51701 23 97 0 0
GO 51703 23 96 0 1
GO 51704 23 97 0 0
GO 51707 23 97 0 0
GO 51715 23 96 0 1
GO 51716 23 97 0 0
GO 51723 23 95 0 2
GO 51726 23 97 0 0
GO 51782 23 97 0 0
GO 51788 23 95 0 2
GO 51790 23 96 0 1
GO 51801 23 96 0 1
GO 51806 23 97 0 0
GO 51817 23 97 0 0
GO 51818 23 97 0 0
GO 51828 23 97 0 0
GO 51830 1 5 22 92
GO 51870 23 96 0 1
GO 51871 23 96 0 1
GO 51883 23 97 0 0
GO 51920 23 60 0 37
GO 51952 23 96 0 1
GO 51954 23 96 0 1
GO 51955 23 96 0 1
GO 51957 23 96 0 1
GO 51983 23 97 0 0
GO 51989 23 97 0 0
GO 51990 0 3 23 94
GO 51998 23 97 0 0
GO 52027 23 96 0 1
GO 52047 23 97 0 0
GO 52126 4 31 19 66
GO 52192 4 31 19 66
GO 52212 23 97 0 0
GO 52250 23 96 0 1
GO 52331 23 96 0 1
GO 52381 23 95 0 2
GO 52547 23 91 0 6
GO 52548 23 91 0 6
GO 52590 0 4 23 93
GO 52592 23 97 0 0
GO 52621 1 17 22 80
GO 52646 23 97 0 0
GO 52652 23 94 0 3
GO 52665 23 97 0 0
GO 52666 23 97 0 0
GO 52689 23 97 0 0
GO 52693 23 97 0 0
GO 52698 0 1 23 96
GO 52699 0 1 23 96
GO 52701 0 1 23 96
GO 52703 0 1 23 96
GO 52704 0 1 23 96
GO 52708 0 1 23 96
GO 52737 0 3 23 94
GO 52738 23 37 0 60
GO 52745 23 96 0 1
GO 52803 23 97 0 0
GO 52805 23 93 0 4
GO 52834 23 96 0 1
GO 52855 23 81 0 16
GO 52856 23 81 0 16
GO 52857 23 81 0 16
GO 52858 23 95 0 2
GO 52868 0 1 23 96
GO 52875 0 2 23 95
GO 52906 22 96 1 1
GO 52907 23 97 0 0
GO 52913 23 97 0 0
GO 52914 23 96 0 1
GO 52916 23 97 0 0
GO 55029 23 96 0 1
GO 55062 23 97 0 0
GO 55065 23 97 0 0
GO 55067 23 97 0 0
GO 55069 23 97 0 0
GO 55070 22 43 1 54
GO 55072 23 97 0 0
GO 55073 23 97 0 0
GO 55074 17 61 6 36
GO 55076 23 97 0 0
GO 55078 23 94 0 3
GO 55080 23 97 0 0
GO 55081 23 97 0 0
GO 55082 23 97 0 0
GO 55083 23 97 0 0
GO 55085 23 97 0 0
GO 55086 23 97 0 0
GO 55114 23 97 0 0
GO 55129 23 97 0 0
GO 55130 23 96 0 1
GO 60003 23 59 0 38
GO 60033 0 1 23 96
GO 60089 23 97 0 0
GO 60090 23 97 0 0
GO 60170 1 0 22 97
GO 60187 23 97 0 0
GO 60241 0 1 23 96
GO 60249 1 1 22 96
GO 60255 23 97 0 0
GO 60274 23 97 0 0
GO 60322 1 1 22 96
GO 60341 23 97 0 0
GO 60429 0 1 23 96
GO 60548 0 1 23 96
GO 60589 23 97 0 0
GO 60590 23 97 0 0
GO 60627 0 1 23 96
GO 60698 23 97 0 0
GO 60699 23 97 0 0
GO 60700 23 97 0 0
GO 60701 23 97 0 0
GO 60702 23 97 0 0
GO 61013 23 97 0 0
GO 61024 23 97 0 0
GO 61025 0 1 23 96
GO 61077 23 97 0 0
GO 61134 23 91 0 6
GO 61135 23 91 0 6
GO 61458 0 1 23 96
GO 61463 0 6 23 91
GO 61475 23 97 0 0
GO 61501 1 0 22 97
GO 61503 23 97 0 0
GO 61504 23 97 0 0
GO 61505 23 97 0 0
GO 61522 23 96 0 1
GO 61542 23 97 0 0
GO 61593 0 3 23 94
GO 61598 23 96 0 1
GO 61602 0 7 23 90
GO 61603 23 96 0 1
GO 61605 23 97 0 0
GO 61640 23 97 0 0
GO 61687 23 59 0 38
GO 61695 23 97 0 0
GO 61710 23 97 0 0
GO 61720 0 3 23 94
GO 61727 23 97 0 0
GO 61731 23 97 0 0
GO 61732 0 0 23 97
GO 61733 23 95 0 2
GO 61783 23 97 0 0
GO 61798 22 93 1 4
GO 61799 22 97 1 0
GO 61984 23 96 0 1
GO 61985 23 96 0 1
GO 62012 23 97 0 0
GO 62013 23 97 0 0
GO 62014 0 24 23 73
GO 65002 23 97 0 0
GO 65003 23 97 0 0
GO 65007 23 97 0 0
GO 65008 23 97 0 0
GO 65009 23 97 0 0
GO 70003 23 96 0 1
GO 70004 23 96 0 1
GO 70006 23 97 0 0
GO 70008 23 97 0 0
GO 70011 23 97 0 0
GO 70012 23 64 0 33
GO 70013 23 97 0 0
GO 70026 22 55 1 42
GO 70035 23 97 0 0
GO 70037 23 97 0 0
GO 70038 23 97 0 0
GO 70039 23 97 0 0
GO 70040 23 96 0 1
GO 70041 23 97 0 0
GO 70042 23 96 0 1
GO 70043 23 97 0 0
GO 70050 1 1 22 96
GO 70051 0 9 23 88
GO 70063 23 97 0 0
GO 70069 23 97 0 0
GO 70084 23 97 0 0
GO 70085 21 97 2 0
GO 70178 0 2 23 95
GO 70180 23 97 0 0
GO 70181 23 97 0 0
GO 70189 22 17 1 80
GO 70201 23 97 0 0
GO 70204 23 94 0 3
GO 70205 23 95 0 2
GO 70206 23 97 0 0
GO 70207 23 97 0 0
GO 70279 23 97 0 0
GO 70283 23 97 0 0
GO 70301 23 97 0 0
GO 70329 23 92 0 5
GO 70401 23 97 0 0
GO 70402 23 97 0 0
GO 70403 23 97 0 0
GO 70404 23 93 0 4
GO 70417 23 97 0 0
GO 70453 23 96 0 1
GO 70469 23 97 0 0
GO 70470 23 97 0 0
GO 70475 23 97 0 0
GO 70476 23 97 0 0
GO 70482 3 10 20 87
GO 70525 23 97 0 0
GO 70547 23 96 0 1
GO 70548 21 97 2 0
GO 70566 23 97 0 0
GO 70567 23 97 0 0
GO 70568 23 97 0 0
GO 70569 23 97 0 0
GO 70573 23 97 0 0
GO 70574 23 97 0 0
GO 70581 23 97 0 0
GO 70588 16 61 7 36
GO 70589 23 97 0 0
GO 70592 0 2 23 95
GO 70613 1 43 22 54
GO 70628 0 0 23 97
GO 70647 0 3 23 94
GO 70677 23 97 0 0
GO 70689 21 96 2 1
GO 70717 23 97 0 0
GO 70727 23 97 0 0
GO 70733 1 11 22 86
GO 70739 23 69 0 28
GO 70778 23 61 0 36
GO 70813 22 62 1 35
GO 70814 22 62 1 35
GO 70818 23 97 0 0
GO 70819 23 97 0 0
GO 70838 23 97 0 0
GO 70848 0 1 23 96
GO 70873 23 97 0 0
GO 70874 23 94 0 3
GO 70875 23 95 0 2
GO 70881 23 96 0 1
GO 70887 23 97 0 0
GO 70894 23 97 0 0
GO 70905 23 97 0 0
GO 70925 23 97 0 0
GO 70930 22 96 1 1
GO 70968 1 30 22 67
GO 70972 23 97 0 0
GO 70988 1 19 22 78
GO 70992 23 97 0 0
GO 71071 23 97 0 0
GO 71072 23 97 0 0
GO 71103 23 97 0 0
GO 71111 0 9 23 88
GO 71139 23 97 0 0
GO 71172 23 84 0 13
GO 71214 23 97 0 0
GO 71215 0 1 23 96
GO 71216 0 1 23 96
GO 71218 23 95 0 2
GO 71219 0 1 23 96
GO 71229 23 97 0 0
GO 71230 23 91 0 6
GO 71236 23 97 0 0
GO 71237 23 97 0 0
GO 71241 23 97 0 0
GO 71243 23 97 0 0
GO 71248 23 97 0 0
GO 71249 23 95 0 2
GO 71250 23 95 0 2
GO 71265 23 97 0 0
GO 71267 23 97 0 0
GO 71276 0 1 23 96
GO 71280 23 65 0 32
GO 71281 23 77 0 20
GO 71288 23 97 0 0
GO 71292 23 65 0 32
GO 71310 23 97 0 0
GO 71363 0 1 23 96
GO 71396 0 1 23 96
GO 71417 23 97 0 0
GO 71421 0 3 23 94
GO 71422 23 96 0 1
GO 71424 23 97 0 0
GO 71450 23 96 0 1
GO 71451 23 96 0 1
GO 71466 21 7 2 90
GO 71467 23 97 0 0
GO 71468 0 1 23 96
GO 71470 23 96 0 1
GO 71472 23 96 0 1
GO 71474 23 96 0 1
GO 71475 23 96 0 1
GO 71478 23 97 0 0
GO 71482 23 97 0 0
GO 71495 23 97 0 0
GO 71496 23 97 0 0
GO 71500 4 50 19 47
GO 71502 21 97 2 0
GO 71518 0 9 23 88
GO 71522 0 1 23 96
GO 71545 23 96 0 1
GO 71554 23 97 0 0
GO 71555 23 97 0 0
GO 71575 23 97 0 0
GO 71577 23 97 0 0
GO 71616 23 97 0 0
GO 71617 22 97 1 0
GO 71667 0 1 23 96
GO 71702 23 97 0 0
GO 71704 23 97 0 0
GO 71705 23 97 0 0
GO 71709 23 97 0 0
GO 71723 23 96 0 1
GO 71731 23 97 0 0
GO 71732 0 35 23 62
GO 71766 0 0 23 97
GO 71770 0 0 23 97
GO 71772 0 1 23 96
GO 71773 0 1 23 96
GO 71804 23 97 0 0
GO 71805 23 97 0 0
GO 71806 23 97 0 0
GO 71807 1 3 22 94
GO 71826 23 97 0 0
GO 71840 23 97 0 0
GO 71852 0 2 23 95
GO 71890 22 95 1 2
GO 71897 23 97 0 0
GO 71915 0 1 23 96
GO 71916 23 97 0 0
GO 71932 23 97 0 0
GO 71941 23 97 0 0
GO 71944 23 97 0 0
GO 71949 23 97 0 0
GO 71951 23 96 0 1
GO 71963 23 96 0 1
GO 71966 0 2 23 95
GO 71972 23 97 0 0
GO 71973 23 97 0 0
GO 71975 23 96 0 1
GO 71977 23 96 0 1
GO 71978 23 79 0 18
GO 72321 23 97 0 0
GO 72322 23 97 0 0
GO 72323 23 97 0 0
GO 72329 23 97 0 0
GO 72330 23 97 0 0
GO 72331 0 1 23 96
GO 72332 0 1 23 96
GO 72337 23 97 0 0
GO 72341 23 97 0 0
GO 72344 23 96 0 1
GO 72348 23 97 0 0
GO 72349 23 55 0 42
GO 72350 23 97 0 0
GO 72351 0 5 23 92
GO 72488 23 97 0 0
GO 72490 23 45 0 52
GO 72491 23 45 0 52
GO 72501 23 97 0 0
GO 72502 23 97 0 0
GO 72503 23 97 0 0
GO 72505 23 97 0 0
GO 72506 23 97 0 0
GO 72507 23 97 0 0
GO 72509 23 97 0 0
GO 72511 23 97 0 0
GO 72521 23 97 0 0
GO 72522 23 97 0 0
GO 72523 23 97 0 0
GO 72524 23 97 0 0
GO 72525 23 97 0 0
GO 72526 23 96 0 1
GO 72527 23 97 0 0
GO 72528 23 97 0 0
GO 72529 23 97 0 0
GO 72530 0 13 23 84
GO 72531 23 96 0 1
GO 72580 0 1 23 96
GO 72581 0 1 23 96
GO 72586 23 96 0 1
GO 72593 23 97 0 0
GO 72594 23 97 0 0
GO 72595 0 1 23 96
GO 72599 23 97 0 0
GO 72657 23 97 0 0
GO 72714 0 3 23 94
GO 72747 22 4 1 93
GO 72756 22 4 1 93
GO 75713 5 17 18 80
GO 80033 23 95 0 2
GO 80090 23 97 0 0
GO 80134 23 97 0 0
GO 80135 23 97 0 0
GO 80146 23 97 0 0
GO 85027 1 5 22 92
GO 89705 23 96 0 1
GO 89715 23 97 0 0
GO 89718 0 2 23 95
GO 90066 23 97 0 0
GO 90069 23 97 0 0
GO 90070 23 97 0 0
GO 90071 23 97 0 0
GO 90079 23 97 0 0
GO 90087 23 97 0 0
GO 90093 0 1 23 96
GO 90116 0 10 23 87
GO 90143 23 96 0 1
GO 90150 23 97 0 0
GO 90160 0 1 23 96
GO 90174 0 1 23 96
GO 90304 23 97 0 0
GO 90305 23 97 0 0
GO 90313 23 97 0 0
GO 90329 23 97 0 0
GO 90352 1 8 22 89
GO 90357 23 97 0 0
GO 90407 23 97 0 0
GO 90482 21 19 2 78
GO 90483 22 40 1 57
GO 90499 23 97 0 0
GO 90501 23 97 0 0
GO 90502 23 97 0 0
GO 90503 23 97 0 0
GO 90529 23 97 0 0
GO 90533 16 12 7 85
GO 90540 0 1 23 96
GO 90563 23 97 0 0
GO 90589 0 1 23 96
GO 90599 0 27 23 70
GO 90605 23 97 0 0
GO 90609 23 96 0 1
GO 90662 23 97 0 0
GO 97035 23 97 0 0
GO 97056 23 34 0 63
GO 97159 23 97 0 0
GO 97163 23 97 0 0
GO 97164 23 97 0 0
GO 97172 23 97 0 0
GO 97190 0 1 23 96
GO 97193 0 1 23 96
GO 97216 23 97 0 0
GO 97237 23 97 0 0
GO 97264 23 95 0 2
GO 97292 0 5 23 92
GO 97293 0 5 23 92
GO 97305 0 1 23 96
GO 97306 0 1 23 96
GO 97347 23 96 0 1
GO 97366 23 97 0 0
GO 97367 23 97 0 0
GO 97428 23 97 0 0
GO 97435 12 3 11 94
GO 97458 1 1 22 96
GO 97501 23 62 0 35
GO 97506 23 97 0 0
GO 97510 23 97 0 0
GO 97577 23 64 0 33
GO 97588 23 97 0 0
GO 97617 23 97 0 0
GO 97638 0 2 23 95
GO 97659 23 97 0 0
GO 97697 21 66 2 31
GO 97708 1 1 22 96
GO 97718 23 97 0 0
GO 97730 1 0 22 97
GO 97731 1 0 22 97
GO 97733 1 0 22 97
GO 97747 23 97 0 0
GO 98015 1 4 22 93
GO 98025 1 4 22 93
GO 98027 0 1 23 96
GO 98533 23 97 0 0
GO 98542 23 96 0 1
GO 98552 23 97 0 0
GO 98561 23 96 0 1
GO 98562 23 97 0 0
GO 98567 23 97 0 0
GO 98586 23 97 0 0
GO 98588 2 1 21 96
GO 98590 1 0 22 97
GO 98630 0 9 23 88
GO 98655 23 97 0 0
GO 98656 23 97 0 0
GO 98657 0 3 23 94
GO 98660 23 97 0 0
GO 98661 23 97 0 0
GO 98662 23 97 0 0
GO 98732 23 97 0 0
GO 98739 0 2 23 95
GO 98743 0 9 23 88
GO 98754 23 97 0 0
GO 98771 23 97 0 0
GO 98772 23 97 0 0
GO 98776 23 97 0 0
GO 98791 1 1 22 96
GO 98795 0 6 23 91
GO 98796 23 97 0 0
GO 98797 23 97 0 0
GO 98798 1 3 22 94
GO 98800 1 2 22 95
GO 98803 23 97 0 0
GO 98805 0 1 23 96
GO 98809 23 84 0 13
GO 98813 23 97 0 0
GO 98869 23 97 0 0
GO 99046 23 97 0 0
GO 99116 23 96 0 1
GO 99131 23 97 0 0
GO 99132 23 97 0 0
GO 99133 23 97 0 0
GO 99516 23 97 0 0
GO 99620 0 2 23 95
GO 99621 0 3 23 94
GO 101005 0 1 23 96
GO 101031 23 97 0 0
GO 104004 23 97 0 0
GO 106004 23 97 0 0
GO 106009 23 96 0 1
GO 106026 23 97 0 0
GO 106050 22 65 1 32
GO 106074 23 97 0 0
GO 106077 0 0 23 97
GO 110017 23 96 0 1
GO 120009 23 97 0 0
GO 120010 23 97 0 0
GO 120025 1 1 22 96
GO 120038 1 0 22 97
GO 120100 23 96 0 1
GO 120101 23 96 0 1
GO 120127 0 1 23 96
GO 140030 0 0 23 97
GO 140035 0 0 23 97
GO 140096 23 97 0 0
GO 140097 23 97 0 0
GO 140098 23 97 0 0
GO 140101 23 97 0 0
GO 140102 23 97 0 0
GO 140104 23 97 0 0
GO 140110 23 97 0 0
GO 140115 23 97 0 0
GO 1900079 23 97 0 0
GO 1900081 23 97 0 0
GO 1900150 0 1 23 96
GO 1900190 22 78 1 19
GO 1900191 22 78 1 19
GO 1900231 22 78 1 19
GO 1900232 22 78 1 19
GO 1900371 0 6 23 91
GO 1900372 0 6 23 91
GO 1900542 0 6 23 91
GO 1900543 0 6 23 91
GO 1901068 23 97 0 0
GO 1901069 1 34 22 63
GO 1901070 23 97 0 0
GO 1901071 22 40 1 57
GO 1901072 16 37 7 60
GO 1901073 0 2 23 95
GO 1901135 23 97 0 0
GO 1901136 23 97 0 0
GO 1901137 23 97 0 0
GO 1901159 1 12 22 85
GO 1901193 23 97 0 0
GO 1901195 23 97 0 0
GO 1901222 0 1 23 96
GO 1901264 23 97 0 0
GO 1901265 23 97 0 0
GO 1901269 23 97 0 0
GO 1901271 23 97 0 0
GO 1901292 23 97 0 0
GO 1901293 23 97 0 0
GO 1901322 22 4 1 93
GO 1901359 23 27 0 70
GO 1901360 23 97 0 0
GO 1901361 23 97 0 0
GO 1901362 23 97 0 0
GO 1901363 23 97 0 0
GO 1901367 0 8 23 89
GO 1901401 23 96 0 1
GO 1901419 0 1 23 96
GO 1901420 0 1 23 96
GO 1901463 23 96 0 1
GO 1901474 0 3 23 94
GO 1901505 23 97 0 0
GO 1901530 23 97 0 0
GO 1901562 22 4 1 93
GO 1901564 23 97 0 0
GO 1901565 23 97 0 0
GO 1901566 23 97 0 0
GO 1901575 23 97 0 0
GO 1901576 23 97 0 0
GO 1901605 23 97 0 0
GO 1901606 23 97 0 0
GO 1901607 23 97 0 0
GO 1901611 23 97 0 0
GO 1901612 23 94 0 3
GO 1901615 23 97 0 0
GO 1901616 23 97 0 0
GO 1901617 23 97 0 0
GO 1901642 23 97 0 0
GO 1901652 23 97 0 0
GO 1901653 23 97 0 0
GO 1901654 23 38 0 59
GO 1901655 22 4 1 93
GO 1901657 23 97 0 0
GO 1901658 23 97 0 0
GO 1901659 23 97 0 0
GO 1901661 23 97 0 0
GO 1901663 23 97 0 0
GO 1901678 23 97 0 0
GO 1901680 23 91 0 6
GO 1901681 23 97 0 0
GO 1901682 23 97 0 0
GO 1901698 23 97 0 0
GO 1901699 23 97 0 0
GO 1901700 23 97 0 0
GO 1901701 23 97 0 0
GO 1901873 21 43 2 54
GO 1901875 21 43 2 54
GO 1901891 23 97 0 0
GO 1901892 23 97 0 0
GO 1901973 23 96 0 1
GO 1901981 0 1 23 96
GO 1902021 21 50 2 47
GO 1902022 0 1 23 96
GO 1902023 0 14 23 83
GO 1902047 23 97 0 0
GO 1902170 23 95 0 2
GO 1902201 1 20 22 77
GO 1902221 23 97 0 0
GO 1902222 23 96 0 1
GO 1902223 23 97 0 0
GO 1902280 23 95 0 2
GO 1902292 23 96 0 1
GO 1902328 23 96 0 1
GO 1902358 23 97 0 0
GO 1902369 23 97 0 0
GO 1902373 23 97 0 0
GO 1902410 23 97 0 0
GO 1902412 23 97 0 0
GO 1902413 23 97 0 0
GO 1902444 23 97 0 0
GO 1902475 23 97 0 0
GO 1902493 0 3 23 94
GO 1902494 23 97 0 0
GO 1902495 23 97 0 0
GO 1902531 0 1 23 96
GO 1902532 0 1 23 96
GO 1902555 23 96 0 1
GO 1902599 0 3 23 94
GO 1902600 23 97 0 0
GO 1902601 23 59 0 38
GO 1902603 21 17 2 80
GO 1902626 23 97 0 0
GO 1902679 23 97 0 0
GO 1902680 23 97 0 0
GO 1902757 23 96 0 1
GO 1902758 23 96 0 1
GO 1902759 0 7 23 90
GO 1902760 0 7 23 90
GO 1902776 0 3 23 94
GO 1902777 0 3 23 94
GO 1902834 23 96 0 1
GO 1902836 23 96 0 1
GO 1903008 23 97 0 0
GO 1903046 0 2 23 95
GO 1903047 23 97 0 0
GO 1903136 22 62 1 35
GO 1903227 1 34 22 63
GO 1903228 1 34 22 63
GO 1903311 23 97 0 0
GO 1903312 23 97 0 0
GO 1903313 0 8 23 89
GO 1903314 1 8 22 89
GO 1903317 1 43 22 54
GO 1903319 1 43 22 54
GO 1903338 0 1 23 96
GO 1903352 23 34 0 63
GO 1903400 0 2 23 95
GO 1903401 0 1 23 96
GO 1903424 23 97 0 0
GO 1903425 23 97 0 0
GO 1903436 23 97 0 0
GO 1903437 23 97 0 0
GO 1903506 23 97 0 0
GO 1903507 23 97 0 0
GO 1903508 23 97 0 0
GO 1903509 23 97 0 0
GO 1903510 0 0 23 97
GO 1903533 23 97 0 0
GO 1903555 0 1 23 96
GO 1903556 0 1 23 96
GO 1903711 21 1 2 96
GO 1903712 23 97 0 0
GO 1903714 23 91 0 6
GO 1903725 23 97 0 0
GO 1903726 23 97 0 0
GO 1903785 23 91 0 6
GO 1903789 23 96 0 1
GO 1903791 23 94 0 3
GO 1903792 23 97 0 0
GO 1903793 23 96 0 1
GO 1903795 23 97 0 0
GO 1903796 23 97 0 0
GO 1903825 23 97 0 0
GO 1903826 0 14 23 83
GO 1903827 23 97 0 0
GO 1903830 23 96 0 1
GO 1903874 23 97 0 0
GO 1903959 23 97 0 0
GO 1903960 23 97 0 0
GO 1903961 23 96 0 1
GO 1904047 23 96 0 1
GO 1904062 23 96 0 1
GO 1904064 23 96 0 1
GO 1904082 23 94 0 3
GO 1904680 23 97 0 0
GO 1904688 23 97 0 0
GO 1904690 23 97 0 0
GO 1904823 0 13 23 84
GO 1904892 0 1 23 96
GO 1904893 0 1 23 96
GO 1904949 23 97 0 0
GO 1905039 23 97 0 0
GO 1905347 23 97 0 0
GO 1905348 23 97 0 0
GO 1905368 23 97 0 0
GO 1905369 23 97 0 0
GO 1905475 23 97 0 0
GO 1905939 0 1 23 96
GO 1905940 0 1 23 96
GO 1905957 0 1 23 96
GO 1905958 0 1 23 96
GO 1990002 1 22 22 75
GO 1990063 23 97 0 0
GO 1990077 23 96 0 1
GO 1990097 23 96 0 1
GO 1990099 23 96 0 1
GO 1990104 0 1 23 96
GO 1990145 23 94 0 3
GO 1990169 23 61 0 36
GO 1990170 0 1 23 96
GO 1990178 0 1 23 96
GO 1990195 23 97 0 0
GO 1990196 23 97 0 0
GO 1990204 23 97 0 0
GO 1990220 23 97 0 0
GO 1990228 23 97 0 0
GO 1990230 23 97 0 0
GO 1990234 23 97 0 0
GO 1990238 23 97 0 0
GO 1990275 23 97 0 0
GO 1990281 23 97 0 0
GO 1990351 23 97 0 0
GO 1990359 21 2 2 95
GO 1990391 23 97 0 0
GO 1990397 23 95 0 2
GO 1990451 0 1 23 96
GO 1990481 23 97 0 0
GO 1990497 23 95 0 2
GO 1990507 23 97 0 0
GO 1990542 1 1 22 96
GO 1990748 23 97 0 0
GO 1990778 23 96 0 1
GO 1990817 22 97 1 0
GO 1990822 0 14 23 83
GO 1990827 1 19 22 78
GO 1990837 23 97 0 0
GO 1990856 23 97 0 0
GO 1990904 23 97 0 0
GO 1990928 23 97 0 0
GO 2000026 0 1 23 96
GO 2000104 23 97 0 0
GO 2000105 23 97 0 0
GO 2000112 23 97 0 0
GO 2000113 23 97 0 0
GO 2000142 23 97 0 0
GO 2000143 23 97 0 0
GO 2000144 23 97 0 0
GO 2000145 21 50 2 47
GO 2000146 1 20 22 77
GO 2000185 23 97 0 0
GO 2000186 23 97 0 0
GO 2000194 0 1 23 96
GO 2000195 0 1 23 96
GO 2000241 0 1 23 96
GO 2000242 0 1 23 96
GO 2000282 23 97 0 0
GO 2000354 0 1 23 96
GO 2000355 0 1 23 96
GO 2000371 23 96 0 1
GO 2000372 23 96 0 1
GO 2000535 0 0 23 97
GO 2000765 23 97 0 0
GO 2000766 23 97 0 0
GO 2000767 23 97 0 0
GO 2001020 23 97 0 0
GO 2001023 0 10 23 87
GO 2001057 23 94 0 3
GO 2001065 0 1 23 96
GO 2001124 0 1 23 96
GO 2001125 0 1 23 96
GO 2001141 23 97 0 0
GO 2001251 23 96 0 1
